30818.500000
4576.500000
550.500000
1942.500000
20.500000
2694.500000
19682.500000
23061.500000
43176.500000
4577.500000
13462.500000
227.500000
59333.500000
98.500000
1398.500000
48.500000
1040.500000
8091.500000
20100.500000
466.500000
15257.500000
17720.500000
65091.500000
2731.500000
3617.500000
17862.500000
52.500000
129.500000
27217.500000
16586.500000
136.500000
148.500000
555.500000
4658.500000
14749.500000
37396.500000
1.500000
6004.500000
1945.500000
4906.500000
468.500000
11461.500000
29558.500000
841.500000
8374.500000
17544.500000
4784.500000
8385.500000
92.500000
21.500000
4240.500000
18419.500000
17059.500000
3.500000
17.500000
5269.500000
778.500000
82288.500000
16568.500000
8577.500000
2031.500000
777.500000
1288.500000
2650.500000
48.500000
7152.500000
156.500000
97022.500000
12976.500000
9822.500000
110.500000
2972.500000
107457.500000
50255.500000
14.500000
66580.500000
11064.500000
25816.500000
21.500000
113.500000
1636.500000
1702.500000
7045.500000
1461.500000
9735.500000
58.500000
91.500000
551.500000
2290.500000
72.500000
27988.500000
1.500000
8165.500000
26761.500000
9925.500000
38513.500000
25380.500000
9899.500000
21784.500000
1749.500000
1449.500000
265.500000
3935.500000
43020.500000
40328.500000
1486.500000
4373.500000
519.500000
5653.500000
21389.500000
570.500000
146.500000
38112.500000
7596.500000
6948.500000
25.500000
12304.500000
58503.500000
3248.500000
6655.500000
12125.500000
72.500000
48151.500000
763.500000
6113.500000
4570.500000
15175.500000
2497.500000
3757.500000
146.500000
11047.500000
91.500000
3220.500000
569.500000
2740.500000
227.500000
13484.500000
616.500000
3040.500000
1707.500000
1683.500000
3588.500000
10288.500000
1083.500000
15201.500000
9467.500000
13354.500000
64938.500000
18209.500000
1038.500000
5031.500000
10248.500000
1505.500000
58613.500000
3980.500000
32709.500000
78993.500000
468.500000
27.500000
32869.500000
4713.500000
999.500000
32431.500000
174.500000
1351.500000
19010.500000
3399.500000
466.500000
4128.500000
8812.500000
5463.500000
1329.500000
6442.500000
53346.500000
91.500000
233.500000
7.500000
48.500000
36327.500000
16101.500000
1031.500000
292.500000
74112.500000
91.500000
13326.500000
21432.500000
445.500000
1234.500000
3304.500000
27346.500000
126.500000
2785.500000
7.500000
2272.500000
53428.500000
118.500000
4218.500000
32436.500000
24996.500000
30596.500000
9532.500000
2731.500000
4070.500000
1399.500000
785.500000
222.500000
108.500000
16300.500000
114655.500000
67393.500000
3670.500000
6851.500000
37463.500000
3180.500000
1.000000
1956.500000
82709.500000
56439.500000
83865.500000
98.500000
7163.500000
1931.500000
13164.500000
7503.500000
1.000000
4867.500000
1206.500000
7593.500000
5520.500000
875.500000
54.500000
1438.500000
23854.500000
1960.500000
2942.500000
29676.500000
1077.500000
324.500000
2765.500000
1278.500000
83241.500000
316.500000
11590.500000
47748.500000
23970.500000
1461.500000
8297.500000
115661.500000
73172.500000
2924.500000
9509.500000
9725.500000
1154.500000
6055.500000
67732.500000
5452.500000
3460.500000
18051.500000
32990.500000
49263.500000
549.500000
46.500000
38768.500000
11053.500000
6143.500000
35172.500000
1.500000
2923.500000
55996.500000
11418.500000
104.500000
33.500000
56.500000
2701.500000
90079.500000
2470.500000
1237.500000
203.500000
10002.500000
57320.500000
66.500000
44083.500000
19175.500000
472.500000
12813.500000
4887.500000
7282.500000
4739.500000
1.500000
5050.500000
4693.500000
484.500000
5030.500000
23754.500000
466.500000
2054.500000
2536.500000
10238.500000
22974.500000
1551.500000
4080.500000
2926.500000
1020.500000
21235.500000
3768.500000
5300.500000
2415.500000
341.500000
3399.500000
20.500000
11405.500000
3890.500000
441.500000
104.500000
1009.500000
47122.500000
48.500000
4373.500000
9053.500000
648.500000
59713.500000
1.500000
32329.500000
5601.500000
294.500000
7890.500000
2734.500000
4018.500000
6.500000
218.500000
7831.500000
716.500000
1006.500000
142.500000
191.500000
47065.500000
14555.500000
22498.500000
1432.500000
1660.500000
9500.500000
6115.500000
3702.500000
3536.500000
31800.500000
6671.500000
9570.500000
447.500000
84.500000
6.500000
8701.500000
3574.500000
186.500000
501.500000
54546.500000
391.500000
205.500000
273.500000
1333.500000
4297.500000
615.500000
3121.500000
258.500000
8721.500000
9741.500000
14042.500000
238.500000
792.500000
6972.500000
105.500000
48546.500000
378.500000
1995.500000
4423.500000
74698.500000
7815.500000
64.500000
48.500000
15210.500000
3040.500000
62079.500000
1290.500000
3.500000
4810.500000
67759.500000
6385.500000
5540.500000
14.500000
746.500000
95.500000
3063.500000
32622.500000
186.500000
22422.500000
383.500000
6069.500000
355.500000
10444.500000
14.500000
231.500000
22.500000
12629.500000
18991.500000
1063.500000
984.500000
121451.500000
269.500000
135.500000
1869.500000
2077.500000
15637.500000
985.500000
7240.500000
8227.500000
85474.500000
2911.500000
25049.500000
583.500000
4530.500000
1032.500000
1174.500000
56.500000
14424.500000
28538.500000
59763.500000
194.500000
789.500000
84.500000
613.500000
11405.500000
59.500000
2940.500000
88.500000
30564.500000
6.500000
945.500000
1352.500000
666.500000
17989.500000
1290.500000
115.500000
1435.500000
87.500000
32811.500000
12895.500000
8304.500000
53331.500000
6043.500000
34013.500000
9126.500000
62734.500000
211.500000
259.500000
6939.500000
21.500000
5865.500000
8739.500000
987.500000
1169.500000
375.500000
441.500000
709.500000
180965.500000
340.500000
1306.500000
29541.500000
226.500000
31944.500000
31183.500000
1601.500000
5055.500000
11873.500000
184.500000
138.500000
13911.500000
12805.500000
22533.500000
5657.500000
8846.500000
88378.500000
11463.500000
4454.500000
2244.500000
4820.500000
22.500000
202.500000
43424.500000
12602.500000
3423.500000
23875.500000
212.500000
17629.500000
2258.500000
1653.500000
1.000000
12587.500000
799.500000
407.500000
27782.500000
1802.500000
33907.500000
7212.500000
2757.500000
83.500000
21054.500000
1514.500000
481.500000
3784.500000
47796.500000
12503.500000
1513.500000
3774.500000
534.500000
8252.500000
21304.500000
4362.500000
3413.500000
10684.500000
20942.500000
3710.500000
1390.500000
43.500000
1021.500000
2157.500000
2850.500000
1161.500000
13159.500000
21410.500000
1308.500000
26865.500000
41068.500000
29805.500000
567.500000
719.500000
1793.500000
70342.500000
11022.500000
489.500000
22313.500000
2714.500000
685.500000
24014.500000
14296.500000
12022.500000
3359.500000
9422.500000
4258.500000
5750.500000
25223.500000
329.500000
4373.500000
2830.500000
205.500000
70.500000
8320.500000
278.500000
6255.500000
1093.500000
303.500000
379.500000
20586.500000
2892.500000
395.500000
8708.500000
93115.500000
2789.500000
21439.500000
51692.500000
16142.500000
20049.500000
2452.500000
3045.500000
1247.500000
751.500000
836.500000
16980.500000
402.500000
6719.500000
9041.500000
13.500000
30301.500000
2741.500000
1035.500000
893.500000
7530.500000
3905.500000
341.500000
34035.500000
307.500000
27805.500000
15617.500000
4570.500000
2.500000
728.500000
14375.500000
5775.500000
4978.500000
832.500000
77878.500000
18163.500000
16123.500000
82.500000
12905.500000
39737.500000
9.500000
20633.500000
66.500000
12.500000
62405.500000
15182.500000
5274.500000
283.500000
698.500000
3825.500000
3772.500000
829.500000
2848.500000
533.500000
91320.500000
1595.500000
28888.500000
3449.500000
22096.500000
910.500000
3603.500000
5710.500000
7696.500000
4886.500000
2010.500000
1289.500000
2784.500000
5582.500000
7271.500000
104.500000
1367.500000
7906.500000
1759.500000
1611.500000
24992.500000
4667.500000
1644.500000
31759.500000
3952.500000
20231.500000
1081.500000
36523.500000
2413.500000
13.500000
54157.500000
15689.500000
493.500000
559.500000
1560.500000
168.500000
20827.500000
451.500000
43509.500000
729.500000
1921.500000
11153.500000
4699.500000
7972.500000
287.500000
25775.500000
40642.500000
11772.500000
1863.500000
125.500000
7321.500000
113695.500000
84137.500000
16538.500000
97882.500000
1463.500000
7686.500000
92.500000
6769.500000
1084.500000
1604.500000
595.500000
3209.500000
16929.500000
39350.500000
3385.500000
1998.500000
47616.500000
8478.500000
24.500000
9041.500000
176.500000
4570.500000
3516.500000
11490.500000
399.500000
110.500000
1986.500000
11755.500000
278.500000
3535.500000
871.500000
480.500000
71992.500000
1598.500000
3648.500000
26208.500000
576.500000
4.500000
15107.500000
4798.500000
4373.500000
5134.500000
15909.500000
31777.500000
41478.500000
6932.500000
34020.500000
929.500000
6627.500000
5108.500000
3481.500000
22924.500000
1133.500000
134.500000
1115.500000
39.500000
66.500000
25.500000
1013.500000
23907.500000
20.500000
7658.500000
48.500000
55472.500000
746.500000
2482.500000
62424.500000
99431.500000
4724.500000
98.500000
4676.500000
11767.500000
1446.500000
37130.500000
724.500000
251.500000
7315.500000
811.500000
7593.500000
90086.500000
60.500000
32904.500000
12286.500000
2953.500000
4149.500000
5150.500000
1728.500000
688.500000
3405.500000
1.500000
48.500000
163.500000
2731.500000
2452.500000
164.500000
6862.500000
194.500000
465.500000
441.500000
499.500000
10237.500000
32109.500000
14361.500000
1840.500000
912.500000
2936.500000
40002.500000
186.500000
110.500000
158.500000
16673.500000
63.500000
21.500000
88340.500000
368.500000
6222.500000
9805.500000
1427.500000
5921.500000
2022.500000
3145.500000
3398.500000
16936.500000
130.500000
121467.500000
143.500000
57.500000
3.500000
16169.500000
6406.500000
21278.500000
66.500000
11702.500000
13323.500000
2068.500000
68.500000
15472.500000
701.500000
1047.500000
4089.500000
1090.500000
10.500000
19330.500000
14086.500000
3071.500000
465.500000
1277.500000
3654.500000
2731.500000
29.500000
5892.500000
1.000000
12.500000
529.500000
5338.500000
30272.500000
1.000000
2018.500000
46.500000
493.500000
4038.500000
1288.500000
19689.500000
3046.500000
2402.500000
727.500000
8689.500000
6287.500000
88.500000
9899.500000
307.500000
27165.500000
13229.500000
9123.500000
572.500000
72.500000
377.500000
10848.500000
111163.500000
39378.500000
341.500000
172.500000
19843.500000
78.500000
53.500000
10683.500000
260.500000
2132.500000
70357.500000
194.500000
37715.500000
48.500000
744.500000
92.500000
48.500000
78.500000
11359.500000
2123.500000
3326.500000
9928.500000
2178.500000
29421.500000
18824.500000
17.500000
728.500000
3931.500000
2200.500000
62.500000
750.500000
58.500000
203.500000
1.000000
682.500000
5049.500000
3776.500000
3030.500000
9544.500000
9198.500000
768.500000
20666.500000
23541.500000
73229.500000
2416.500000
55091.500000
9.500000
2165.500000
8577.500000
622.500000
35753.500000
15876.500000
69123.500000
11747.500000
12537.500000
994.500000
628.500000
444.500000
8800.500000
1659.500000
11179.500000
34791.500000
2492.500000
1515.500000
576.500000
19865.500000
37289.500000
799.500000
383.500000
853.500000
8153.500000
2365.500000
3502.500000
5143.500000
211.500000
139.500000
63026.500000
19772.500000
2521.500000
2688.500000
95.500000
36.500000
251.500000
55.500000
480.500000
19689.500000
212.500000
9343.500000
8668.500000
3707.500000
14650.500000
3707.500000
2194.500000
3108.500000
56552.500000
2974.500000
7685.500000
3912.500000
571.500000
48.500000
4852.500000
59300.500000
72.500000
655.500000
60389.500000
2060.500000
14215.500000
14722.500000
3989.500000
47767.500000
158.500000
35150.500000
56.500000
1264.500000
10840.500000
7857.500000
22112.500000
43769.500000
41311.500000
54621.500000
234.500000
3697.500000
10340.500000
111724.500000
36426.500000
52414.500000
1398.500000
30403.500000
49986.500000
58594.500000
4368.500000
19306.500000
307.500000
18695.500000
505.500000
927.500000
2832.500000
68823.500000
26095.500000
582.500000
1856.500000
375.500000
1831.500000
726.500000
5060.500000
22914.500000
54788.500000
29957.500000
3304.500000
8.500000
2309.500000
80.500000
10704.500000
21428.500000
10433.500000
66601.500000
5304.500000
22643.500000
6.500000
6786.500000
499.500000
38427.500000
19359.500000
1084.500000
1143.500000
17199.500000
77.500000
2675.500000
3342.500000
2151.500000
5633.500000
10173.500000
160424.500000
176.500000
33120.500000
30.500000
57444.500000
15163.500000
3360.500000
12861.500000
64.500000
3117.500000
16508.500000
682.500000
1049.500000
57621.500000
12119.500000
75669.500000
45278.500000
42937.500000
126.500000
6663.500000
252.500000
13.500000
5299.500000
922.500000
29312.500000
1168.500000
2169.500000
813.500000
26528.500000
1755.500000
532.500000
551.500000
16850.500000
13734.500000
4.500000
4164.500000
1950.500000
2025.500000
60720.500000
19647.500000
7109.500000
116088.500000
728.500000
13836.500000
8302.500000
52262.500000
7938.500000
5486.500000
7774.500000
104.500000
8456.500000
5682.500000
875.500000
670.500000
675.500000
12417.500000
12988.500000
13647.500000
164.500000
549.500000
3128.500000
12.500000
3558.500000
58486.500000
77582.500000
4801.500000
8007.500000
41542.500000
49993.500000
7137.500000
12452.500000
1920.500000
18457.500000
29923.500000
13341.500000
7.500000
66.500000
56257.500000
45319.500000
8764.500000
120.500000
209.500000
20966.500000
43242.500000
1783.500000
1513.500000
206.500000
894.500000
106.500000
11980.500000
984.500000
2487.500000
71.500000
1243.500000
54119.500000
5818.500000
23579.500000
1788.500000
5158.500000
14880.500000
7342.500000
4324.500000
2309.500000
12163.500000
73481.500000
298.500000
7854.500000
1050.500000
12360.500000
717.500000
6738.500000
22392.500000
151.500000
5345.500000
235.500000
10217.500000
8074.500000
15267.500000
529.500000
81867.500000
4231.500000
1787.500000
535.500000
11900.500000
12.500000
60222.500000
1363.500000
7998.500000
137.500000
322.500000
1044.500000
9361.500000
1532.500000
88790.500000
354.500000
104758.500000
23.500000
42.500000
27947.500000
2419.500000
3459.500000
3844.500000
17490.500000
4063.500000
3868.500000
5537.500000
48260.500000
553.500000
385.500000
4729.500000
8544.500000
12.500000
3308.500000
11455.500000
3871.500000
5087.500000
1910.500000
4047.500000
169940.500000
3241.500000
658.500000
6516.500000
2419.500000
9078.500000
4201.500000
3659.500000
35211.500000
4099.500000
2356.500000
1398.500000
198.500000
717.500000
688.500000
1004.500000
14374.500000
106.500000
374.500000
13695.500000
2327.500000
1124.500000
783.500000
97.500000
460.500000
4644.500000
82.500000
957.500000
4002.500000
34.500000
20333.500000
5902.500000
10953.500000
157.500000
1458.500000
14677.500000
1948.500000
1786.500000
1922.500000
10856.500000
15588.500000
7.500000
75.500000
407.500000
7.500000
11304.500000
210.500000
1398.500000
3399.500000
3534.500000
141.500000
16984.500000
56733.500000
6737.500000
60928.500000
18771.500000
81238.500000
299.500000
4734.500000
136.500000
655.500000
21706.500000
3542.500000
24059.500000
57.500000
7756.500000
392.500000
6312.500000
1225.500000
318.500000
9.500000
24270.500000
1050.500000
3.500000
54098.500000
322.500000
8685.500000
44121.500000
54787.500000
3243.500000
655.500000
1.000000
33.500000
6067.500000
1632.500000
10644.500000
25902.500000
1671.500000
551.500000
1673.500000
13420.500000
875.500000
21714.500000
453.500000
17205.500000
3742.500000
20745.500000
46485.500000
12.500000
11018.500000
12879.500000
7010.500000
43938.500000
3260.500000
664.500000
20176.500000
9698.500000
54800.500000
4626.500000
13729.500000
3016.500000
24127.500000
119.500000
5539.500000
92.500000
8665.500000
2321.500000
2335.500000
385.500000
5777.500000
7804.500000
6072.500000
3758.500000
22424.500000
26768.500000
30408.500000
5871.500000
17866.500000
68.500000
111.500000
271.500000
93.500000
13082.500000
189.500000
1035.500000
1.000000
7801.500000
66125.500000
379.500000
6849.500000
636.500000
27478.500000
332.500000
1505.500000
14325.500000
28936.500000
41618.500000
35012.500000
1584.500000
12097.500000
5378.500000
615.500000
22654.500000
5238.500000
260.500000
4087.500000
9130.500000
38.500000
255.500000
138.500000
3461.500000
191.500000
6194.500000
8702.500000
1800.500000
32380.500000
38949.500000
538.500000
7594.500000
829.500000
67544.500000
260.500000
20866.500000
1.500000
19726.500000
121.500000
973.500000
4429.500000
1332.500000
82275.500000
8632.500000
1923.500000
11.500000
116.500000
36912.500000
2333.500000
59417.500000
132.500000
7320.500000
560.500000
447.500000
27914.500000
1903.500000
877.500000
92176.500000
221.500000
4235.500000
5235.500000
3215.500000
32115.500000
14398.500000
3841.500000
1.500000
12106.500000
2018.500000
7.500000
22696.500000
24954.500000
2974.500000
305.500000
43826.500000
9797.500000
1532.500000
26468.500000
27.500000
21057.500000
40234.500000
687.500000
608.500000
18149.500000
10300.500000
28570.500000
1802.500000
1.000000
3578.500000
296.500000
2771.500000
1745.500000
33.500000
6350.500000
73.500000
23051.500000
311.500000
1541.500000
26566.500000
7056.500000
4366.500000
47.500000
683.500000
8730.500000
1647.500000
106151.500000
85.500000
1205.500000
666.500000
3496.500000
1.000000
3963.500000
30871.500000
55782.500000
9930.500000
1549.500000
151.500000
26068.500000
841.500000
1028.500000
40310.500000
9975.500000
26381.500000
19676.500000
14150.500000
4679.500000
7.500000
7.500000
14229.500000
50198.500000
8060.500000
5279.500000
1.000000
26144.500000
24055.500000
419.500000
57133.500000
10158.500000
41818.500000
3372.500000
1822.500000
4423.500000
1.000000
566.500000
11953.500000
644.500000
90361.500000
51069.500000
4689.500000
338.500000
12143.500000
4437.500000
2370.500000
199.500000
24122.500000
10.500000
458.500000
511.500000
17807.500000
2334.500000
1850.500000
623.500000
774.500000
111712.500000
19913.500000
318.500000
924.500000
407.500000
18233.500000
2858.500000
5225.500000
141.500000
696.500000
1768.500000
26.500000
3914.500000
7431.500000
9917.500000
4539.500000
220.500000
6339.500000
10.500000
5522.500000
125.500000
41368.500000
104.500000
744.500000
92.500000
60.500000
2372.500000
1189.500000
3525.500000
420.500000
23135.500000
4020.500000
1059.500000
623.500000
488.500000
16679.500000
63678.500000
7494.500000
201.500000
3324.500000
6236.500000
3647.500000
516.500000
986.500000
30130.500000
554.500000
38240.500000
1265.500000
2.500000
242.500000
319.500000
5638.500000
1.500000
2020.500000
1163.500000
10893.500000
461.500000
5895.500000
48954.500000
2960.500000
3178.500000
106479.500000
24113.500000
1632.500000
118.500000
3093.500000
527.500000
12865.500000
1782.500000
8517.500000
11210.500000
2973.500000
9587.500000
1117.500000
7015.500000
11.500000
1850.500000
16798.500000
31242.500000
5206.500000
2190.500000
34.500000
122374.500000
11.500000
7004.500000
4008.500000
62131.500000
25374.500000
5361.500000
1666.500000
1092.500000
63579.500000
7317.500000
393.500000
169.500000
1992.500000
1.000000
5628.500000
3670.500000
5050.500000
7982.500000
308.500000
701.500000
38477.500000
25.500000
6.500000
40646.500000
111.500000
1726.500000
47.500000
16513.500000
3679.500000
4234.500000
4486.500000
901.500000
18392.500000
923.500000
485.500000
1.000000
2736.500000
41954.500000
49184.500000
33.500000
35336.500000
112685.500000
66486.500000
186655.000000
16694.500000
34.500000
278.500000
2867.500000
5243.500000
154.500000
1326.500000
5214.500000
311.500000
271.500000
2921.500000
93.500000
2045.500000
9706.500000
8982.500000
3389.500000
3630.500000
543.500000
15180.500000
35402.500000
318.500000
2019.500000
855.500000
42314.500000
5357.500000
44298.500000
73.500000
2974.500000
93471.500000
15934.500000
106.500000
2654.500000
7.500000
4472.500000
21281.500000
1004.500000
654.500000
18787.500000
4898.500000
1338.500000
91883.500000
6341.500000
42619.500000
426.500000
4134.500000
505.500000
10276.500000
1420.500000
26366.500000
561.500000
719.500000
692.500000
468.500000
2847.500000
2752.500000
235.500000
302.500000
21350.500000
14786.500000
334.500000
3540.500000
62046.500000
644.500000
156.500000
4820.500000
43323.500000
9285.500000
1027.500000
151.500000
63107.500000
21.500000
1188.500000
5821.500000
305.500000
218.500000
3235.500000
7.500000
93747.500000
620.500000
24.500000
6886.500000
2821.500000
1996.500000
17149.500000
99418.500000
4.500000
220.500000
1218.500000
6352.500000
217.500000
951.500000
1405.500000
38755.500000
1832.500000
19435.500000
1974.500000
120.500000
530.500000
258.500000
2199.500000
8487.500000
1.000000
482.500000
1385.500000
33792.500000
234.500000
62887.500000
1966.500000
6679.500000
96.500000
3269.500000
549.500000
1397.500000
104.500000
17426.500000
33488.500000
4791.500000
10767.500000
625.500000
65158.500000
3010.500000
1788.500000
9770.500000
26482.500000
210.500000
5306.500000
265.500000
28947.500000
17489.500000
136.500000
1901.500000
1885.500000
7794.500000
4038.500000
2828.500000
27217.500000
10.500000
785.500000
1206.500000
384.500000
6604.500000
59348.500000
151.500000
51.500000
1930.500000
20549.500000
2633.500000
3876.500000
193.500000
6283.500000
615.500000
536.500000
8165.500000
9848.500000
655.500000
42.500000
271.500000
242.500000
3579.500000
1383.500000
42782.500000
151.500000
4165.500000
472.500000
17978.500000
4630.500000
2450.500000
1320.500000
15935.500000
8348.500000
2733.500000
64833.500000
14944.500000
738.500000
127199.500000
11369.500000
5308.500000
202.500000
39115.500000
8328.500000
1969.500000
44649.500000
462.500000
37339.500000
20291.500000
93.500000
4907.500000
31208.500000
6332.500000
2166.500000
9010.500000
871.500000
3596.500000
8764.500000
1772.500000
4986.500000
18553.500000
240.500000
315.500000
3182.500000
64456.500000
169.500000
622.500000
18145.500000
43277.500000
20938.500000
8992.500000
31.500000
172.500000
1651.500000
3724.500000
1075.500000
420.500000
672.500000
4952.500000
93.500000
77957.500000
524.500000
797.500000
38643.500000
1686.500000
7.500000
3562.500000
41544.500000
15460.500000
20968.500000
5137.500000
36.500000
615.500000
5908.500000
13.500000
7.500000
7665.500000
536.500000
7316.500000
1.000000
68.500000
31.500000
1363.500000
14696.500000
25388.500000
151.500000
187.500000
3883.500000
10857.500000
5123.500000
2030.500000
3609.500000
210.500000
2324.500000
1027.500000
80893.500000
4.500000
5227.500000
31.500000
3940.500000
24774.500000
57.500000
5752.500000
6214.500000
9331.500000
1011.500000
1.000000
5838.500000
11044.500000
16792.500000
1647.500000
72481.500000
1611.500000
4115.500000
10.500000
53.500000
6031.500000
155002.500000
5774.500000
53.500000
2130.500000
26980.500000
6826.500000
25020.500000
1904.500000
2695.500000
26291.500000
93.500000
637.500000
31297.500000
379.500000
1918.500000
4458.500000
3120.500000
4665.500000
265.500000
4896.500000
7052.500000
6738.500000
1337.500000
1508.500000
2269.500000
48498.500000
7293.500000
19657.500000
154.500000
6357.500000
419.500000
181.500000
4366.500000
17160.500000
19.500000
2026.500000
27873.500000
281.500000
1383.500000
4563.500000
28817.500000
50088.500000
20294.500000
92758.500000
559.500000
291.500000
352.500000
11.500000
16272.500000
366.500000
64757.500000
3214.500000
935.500000
6749.500000
7043.500000
2215.500000
6420.500000
35701.500000
68.500000
130.500000
17308.500000
525.500000
41951.500000
719.500000
9034.500000
665.500000
23.500000
636.500000
1079.500000
1615.500000
2550.500000
75.500000
18159.500000
29115.500000
103.500000
1049.500000
531.500000
366.500000
4845.500000
42068.500000
5581.500000
9246.500000
654.500000
420.500000
2808.500000
273.500000
9959.500000
1221.500000
6384.500000
18468.500000
7554.500000
209.500000
664.500000
2324.500000
1989.500000
38491.500000
1050.500000
21290.500000
2753.500000
4005.500000
13636.500000
2743.500000
1527.500000
4944.500000
61266.500000
9253.500000
134.500000
99.500000
2872.500000
11.500000
12571.500000
6740.500000
1445.500000
43120.500000
40667.500000
273.500000
1.500000
1076.500000
2919.500000
2070.500000
1.000000
12625.500000
4024.500000
44799.500000
2974.500000
7538.500000
35641.500000
4208.500000
5337.500000
1216.500000
73.500000
229.500000
2474.500000
34.500000
31884.500000
1069.500000
179.500000
2093.500000
19625.500000
357.500000
66.500000
17644.500000
5656.500000
176.500000
2224.500000
1930.500000
1169.500000
3783.500000
5824.500000
2735.500000
468.500000
5179.500000
5767.500000
17.500000
4004.500000
5583.500000
4355.500000
6441.500000
20940.500000
8552.500000
7955.500000
76084.500000
107.500000
1.000000
362.500000
45.500000
4984.500000
23718.500000
1172.500000
123.500000
6508.500000
7320.500000
18092.500000
2.500000
207.500000
887.500000
4843.500000
3741.500000
335.500000
1062.500000
27295.500000
420.500000
1311.500000
18511.500000
419.500000
10782.500000
55789.500000
658.500000
2672.500000
15611.500000
80020.500000
2358.500000
7365.500000
7.500000
113.500000
18451.500000
1.000000
116.500000
1432.500000
1163.500000
1104.500000
2087.500000
5707.500000
14712.500000
11969.500000
173312.500000
1392.500000
3226.500000
12453.500000
37358.500000
685.500000
239.500000
630.500000
2415.500000
104.500000
5258.500000
6155.500000
23282.500000
10.500000
1051.500000
6.500000
5789.500000
58.500000
42314.500000
13.500000
9513.500000
220.500000
995.500000
24993.500000
3507.500000
492.500000
22468.500000
6031.500000
37543.500000
66.500000
3276.500000
2028.500000
92.500000
9846.500000
1607.500000
130.500000
241.500000
1358.500000
163.500000
78173.500000
60850.500000
19.500000
392.500000
30364.500000
517.500000
7564.500000
99.500000
30416.500000
2084.500000
354.500000
5785.500000
13563.500000
4231.500000
25173.500000
20215.500000
52696.500000
459.500000
26468.500000
3963.500000
106.500000
674.500000
16346.500000
3603.500000
4261.500000
9198.500000
34357.500000
19529.500000
5777.500000
18387.500000
1341.500000
278.500000
22255.500000
1163.500000
2896.500000
1001.500000
1.500000
7970.500000
8680.500000
595.500000
1620.500000
612.500000
1552.500000
1661.500000
13255.500000
25.500000
3898.500000
16062.500000
599.500000
37465.500000
345.500000
1930.500000
7944.500000
27254.500000
920.500000
6734.500000
7782.500000
16696.500000
26392.500000
4435.500000
78358.500000
5389.500000
36.500000
1699.500000
47571.500000
9680.500000
566.500000
721.500000
715.500000
7166.500000
29164.500000
19.500000
2984.500000
214.500000
247.500000
24146.500000
1773.500000
135.500000
8320.500000
4254.500000
710.500000
424.500000
64.500000
56123.500000
652.500000
306.500000
19664.500000
4599.500000
1.000000
551.500000
653.500000
1074.500000
496.500000
68.500000
52245.500000
4216.500000
20837.500000
2093.500000
3181.500000
20187.500000
907.500000
123.500000
11640.500000
815.500000
11416.500000
792.500000
2747.500000
8256.500000
15224.500000
78.500000
10237.500000
3685.500000
1340.500000
280.500000
829.500000
19386.500000
12624.500000
98.500000
1963.500000
513.500000
1.000000
11916.500000
7331.500000
21696.500000
2052.500000
6571.500000
319.500000
6108.500000
3332.500000
8298.500000
111754.500000
3046.500000
102.500000
25402.500000
242.500000
9344.500000
121478.500000
6.500000
2127.500000
76290.500000
30964.500000
75.500000
91012.500000
8828.500000
8390.500000
282.500000
1418.500000
99.500000
15111.500000
1536.500000
3427.500000
515.500000
47629.500000
137.500000
96450.500000
14.500000
554.500000
5882.500000
1943.500000
27768.500000
6453.500000
162729.500000
52849.500000
8053.500000
1228.500000
3188.500000
2292.500000
2908.500000
1706.500000
42261.500000
6021.500000
1178.500000
468.500000
2008.500000
661.500000
273.500000
6907.500000
241.500000
2203.500000
4863.500000
83446.500000
3279.500000
10893.500000
201.500000
17869.500000
2519.500000
454.500000
19819.500000
1859.500000
2474.500000
68642.500000
320.500000
1860.500000
198.500000
21494.500000
1074.500000
3903.500000
129491.500000
16709.500000
101003.500000
1541.500000
2945.500000
482.500000
29.500000
598.500000
43296.500000
867.500000
329.500000
2787.500000
2317.500000
86.500000
1585.500000
692.500000
6677.500000
1187.500000
7255.500000
1583.500000
58259.500000
11577.500000
33.500000
6623.500000
2367.500000
11016.500000
110275.500000
3008.500000
227.500000
3554.500000
2.500000
1922.500000
13426.500000
20935.500000
12926.500000
8336.500000
582.500000
1475.500000
1070.500000
24955.500000
47331.500000
6348.500000
2943.500000
22982.500000
993.500000
470.500000
3761.500000
36.500000
3532.500000
4726.500000
56277.500000
16544.500000
169.500000
886.500000
3083.500000
4260.500000
6705.500000
831.500000
1963.500000
15925.500000
4092.500000
1212.500000
13844.500000
225.500000
31513.500000
2387.500000
6142.500000
34.500000
3083.500000
3250.500000
210.500000
109552.500000
478.500000
156.500000
1480.500000
28.500000
3162.500000
38.500000
45045.500000
1766.500000
987.500000
509.500000
47681.500000
6529.500000
29362.500000
2771.500000
1091.500000
8399.500000
4361.500000
1439.500000
22077.500000
198.500000
3434.500000
24334.500000
3701.500000
6885.500000
61.500000
601.500000
715.500000
409.500000
59380.500000
40.500000
260.500000
72141.500000
208.500000
50838.500000
1141.500000
29.500000
3861.500000
86.500000
14.500000
7035.500000
1053.500000
1.000000
98774.500000
11016.500000
18.500000
124.500000
284.500000
1981.500000
742.500000
28.500000
167.500000
8055.500000
10872.500000
13990.500000
263.500000
3597.500000
2017.500000
1893.500000
142.500000
124.500000
63111.500000
80.500000
2309.500000
16262.500000
25746.500000
253.500000
10340.500000
91351.500000
3554.500000
80.500000
7515.500000
12231.500000
596.500000
44.500000
81413.500000
89.500000
19.500000
104286.500000
19229.500000
8053.500000
763.500000
239.500000
4428.500000
54667.500000
8499.500000
1128.500000
3738.500000
1964.500000
1253.500000
97067.500000
79296.500000
118.500000
1872.500000
664.500000
2595.500000
11053.500000
61636.500000
1463.500000
28.500000
5512.500000
489.500000
2813.500000
14318.500000
1358.500000
72.500000
13760.500000
18664.500000
2179.500000
18287.500000
1.000000
818.500000
28669.500000
412.500000
86.500000
484.500000
103.500000
12859.500000
66.500000
148425.500000
704.500000
9536.500000
2190.500000
136.500000
464.500000
10800.500000
378.500000
2957.500000
3755.500000
56506.500000
261.500000
3471.500000
35103.500000
13925.500000
1999.500000
4581.500000
2429.500000
944.500000
413.500000
10865.500000
4407.500000
8163.500000
1710.500000
359.500000
298.500000
33433.500000
5228.500000
44.500000
16.500000
1751.500000
9510.500000
11313.500000
54.500000
28441.500000
938.500000
2591.500000
23720.500000
867.500000
181196.500000
6086.500000
2925.500000
1100.500000
18158.500000
511.500000
4719.500000
50932.500000
12487.500000
22734.500000
2.500000
1175.500000
1437.500000
163.500000
10207.500000
13566.500000
12645.500000
20804.500000
271.500000
62.500000
2687.500000
21943.500000
1397.500000
44.500000
19337.500000
3059.500000
211.500000
19167.500000
75.500000
593.500000
130.500000
1053.500000
710.500000
36126.500000
10693.500000
48440.500000
43.500000
8311.500000
9145.500000
355.500000
16346.500000
7702.500000
7361.500000
55233.500000
10589.500000
663.500000
156.500000
14414.500000
18092.500000
21761.500000
755.500000
868.500000
5926.500000
17205.500000
305.500000
75.500000
151.500000
12625.500000
512.500000
37608.500000
26267.500000
4354.500000
1930.500000
1550.500000
551.500000
273.500000
196.500000
7529.500000
1.500000
16522.500000
619.500000
13363.500000
29590.500000
4446.500000
1027.500000
1139.500000
10214.500000
777.500000
18310.500000
214.500000
524.500000
20320.500000
30804.500000
34679.500000
7817.500000
28162.500000
2279.500000
911.500000
37855.500000
3602.500000
3905.500000
25847.500000
9344.500000
3087.500000
17501.500000
77482.500000
12790.500000
2922.500000
110.500000
4422.500000
1139.500000
192.500000
611.500000
324.500000
1.500000
24090.500000
99.500000
675.500000
4448.500000
484.500000
2065.500000
714.500000
150.500000
1360.500000
8031.500000
16.500000
4788.500000
779.500000
21.500000
8147.500000
49030.500000
93.500000
8419.500000
43.500000
590.500000
968.500000
9787.500000
396.500000
17181.500000
83723.500000
869.500000
4870.500000
12334.500000
34.500000
571.500000
11151.500000
1296.500000
33.500000
35568.500000
9092.500000
2583.500000
101226.500000
5151.500000
29.500000
3864.500000
3598.500000
1929.500000
179.500000
1.000000
904.500000
133.500000
77145.500000
3425.500000
1099.500000
78.500000
4832.500000
57177.500000
19.500000
2082.500000
153.500000
14490.500000
4294.500000
5970.500000
55867.500000
4386.500000
526.500000
32762.500000
17600.500000
1696.500000
8368.500000
236.500000
22433.500000
2490.500000
8439.500000
3604.500000
5884.500000
13992.500000
7523.500000
778.500000
3233.500000
669.500000
7516.500000
3878.500000
80.500000
42860.500000
16830.500000
2474.500000
583.500000
12.500000
857.500000
1140.500000
23666.500000
8225.500000
25169.500000
7695.500000
1258.500000
97742.500000
1638.500000
110.500000
2008.500000
11392.500000
10254.500000
2072.500000
1710.500000
519.500000
398.500000
11758.500000
25169.500000
37113.500000
5459.500000
604.500000
3909.500000
196.500000
6023.500000
331.500000
28842.500000
3585.500000
919.500000
103290.500000
210.500000
1.000000
3329.500000
418.500000
7805.500000
8069.500000
2017.500000
4080.500000
8313.500000
22998.500000
45308.500000
10.500000
188.500000
12316.500000
15775.500000
156.500000
144.500000
192.500000
1134.500000
545.500000
10432.500000
893.500000
26880.500000
3159.500000
336.500000
33768.500000
29707.500000
934.500000
2424.500000
5668.500000
87099.500000
66838.500000
1.000000
702.500000
3701.500000
52749.500000
873.500000
2233.500000
1.000000
26602.500000
44559.500000
6753.500000
1.000000
7110.500000
7624.500000
464.500000
80.500000
3082.500000
4576.500000
446.500000
985.500000
2262.500000
10370.500000
66.500000
14.500000
3425.500000
2.500000
42514.500000
4471.500000
99.500000
1812.500000
244.500000
1573.500000
2208.500000
2372.500000
26052.500000
648.500000
831.500000
3504.500000
889.500000
75662.500000
16078.500000
1679.500000
60532.500000
7233.500000
37998.500000
21021.500000
63.500000
13773.500000
63830.500000
2292.500000
1425.500000
394.500000
64316.500000
7837.500000
12217.500000
3860.500000
223.500000
1234.500000
8876.500000
5738.500000
1364.500000
37727.500000
3181.500000
3752.500000
5611.500000
16033.500000
34383.500000
13805.500000
19573.500000
500.500000
27653.500000
2380.500000
547.500000
1785.500000
38226.500000
9052.500000
77.500000
13832.500000
544.500000
166.500000
66350.500000
25189.500000
44480.500000
5651.500000
14033.500000
143809.500000
3497.500000
1637.500000
119998.500000
1721.500000
137040.500000
130.500000
77.500000
9394.500000
199.500000
1160.500000
235.500000
153.500000
16.500000
1222.500000
4758.500000
235.500000
3409.500000
21169.500000
50131.500000
85225.500000
3292.500000
8.500000
40519.500000
4717.500000
13241.500000
1.000000
87693.500000
721.500000
2008.500000
1.500000
2821.500000
45440.500000
839.500000
1737.500000
272.500000
18221.500000
14172.500000
1014.500000
14174.500000
5559.500000
31876.500000
1051.500000
14892.500000
9715.500000
11216.500000
1270.500000
25409.500000
16205.500000
57594.500000
5849.500000
515.500000
15278.500000
2852.500000
3673.500000
3338.500000
16451.500000
21.500000
8597.500000
684.500000
7312.500000
4186.500000
22354.500000
20.500000
7308.500000
3318.500000
1247.500000
31195.500000
44110.500000
6205.500000
10889.500000
740.500000
551.500000
21.500000
8586.500000
470.500000
3.500000
57998.500000
94963.500000
17851.500000
319.500000
5884.500000
1516.500000
33795.500000
133.500000
7924.500000
12247.500000
157.500000
100380.500000
909.500000
5475.500000
5027.500000
5854.500000
2308.500000
9.500000
1502.500000
4333.500000
1185.500000
1.000000
5146.500000
43.500000
2482.500000
1569.500000
4456.500000
33.500000
10530.500000
11943.500000
10143.500000
3424.500000
9312.500000
6054.500000
11323.500000
210.500000
17937.500000
21373.500000
1855.500000
4728.500000
84.500000
3952.500000
28.500000
985.500000
1028.500000
583.500000
16592.500000
66.500000
2017.500000
1957.500000
45.500000
1084.500000
1210.500000
34932.500000
45.500000
2949.500000
76.500000
428.500000
16228.500000
1182.500000
272.500000
98043.500000
11443.500000
3800.500000
1.000000
15080.500000
899.500000
22900.500000
23090.500000
1227.500000
682.500000
56.500000
710.500000
6109.500000
9625.500000
4678.500000
7445.500000
7114.500000
92890.500000
765.500000
25.500000
939.500000
2432.500000
137.500000
1874.500000
2818.500000
1104.500000
2395.500000
6054.500000
873.500000
18782.500000
8390.500000
2448.500000
18288.500000
14731.500000
435.500000
365.500000
3155.500000
5832.500000
31071.500000
580.500000
97836.500000
1706.500000
1237.500000
1672.500000
18470.500000
98.500000
3261.500000
22573.500000
2677.500000
27977.500000
52134.500000
8884.500000
396.500000
4236.500000
62.500000
32487.500000
7152.500000
1939.500000
1.000000
3442.500000
10931.500000
172.500000
2925.500000
2419.500000
14413.500000
10344.500000
6186.500000
24938.500000
19320.500000
2472.500000
19498.500000
48701.500000
15578.500000
30092.500000
3.500000
19367.500000
994.500000
247.500000
48041.500000
162.500000
549.500000
13163.500000
98.500000
36.500000
2296.500000
2013.500000
344.500000
81402.500000
585.500000
1074.500000
27.500000
592.500000
17408.500000
3895.500000
320.500000
239.500000
20357.500000
10005.500000
93.500000
5566.500000
1.000000
18262.500000
79333.500000
9031.500000
23102.500000
2876.500000
2346.500000
721.500000
638.500000
4712.500000
587.500000
11.500000
14240.500000
9767.500000
1279.500000
162.500000
1558.500000
2571.500000
19785.500000
69961.500000
3948.500000
18353.500000
331.500000
24269.500000
91587.500000
1117.500000
8802.500000
832.500000
109779.500000
12682.500000
11139.500000
1344.500000
17136.500000
4201.500000
9034.500000
230.500000
3838.500000
623.500000
296.500000
920.500000
71478.500000
4877.500000
114.500000
4480.500000
2315.500000
2993.500000
28071.500000
10749.500000
382.500000
2757.500000
16127.500000
890.500000
2826.500000
10611.500000
14539.500000
1014.500000
2111.500000
228.500000
9719.500000
1580.500000
16033.500000
5015.500000
5897.500000
1495.500000
91.500000
13927.500000
2651.500000
459.500000
13453.500000
28509.500000
167.500000
544.500000
3313.500000
11879.500000
13978.500000
20621.500000
3480.500000
5477.500000
156.500000
207.500000
6517.500000
32357.500000
6273.500000
27.500000
2040.500000
2373.500000
1987.500000
7016.500000
238.500000
151.500000
4977.500000
413.500000
12544.500000
72310.500000
11.500000
66.500000
1461.500000
273.500000
48455.500000
1397.500000
5479.500000
737.500000
6.500000
161.500000
1879.500000
1512.500000
5653.500000
26202.500000
24670.500000
14338.500000
34114.500000
6950.500000
9733.500000
4623.500000
100789.500000
1229.500000
1685.500000
120.500000
120794.500000
14.500000
9066.500000
2244.500000
37351.500000
5651.500000
775.500000
168.500000
318.500000
1595.500000
643.500000
1074.500000
62.500000
5735.500000
10889.500000
12382.500000
726.500000
6320.500000
3159.500000
22673.500000
53584.500000
559.500000
17705.500000
764.500000
6742.500000
2902.500000
21891.500000
66702.500000
394.500000
2646.500000
3538.500000
21566.500000
16176.500000
21808.500000
303.500000
1882.500000
938.500000
303.500000
17953.500000
167.500000
24540.500000
16174.500000
25078.500000
62.500000
1538.500000
1475.500000
68.500000
5.500000
3071.500000
4918.500000
12154.500000
5775.500000
245.500000
11002.500000
25233.500000
2886.500000
18157.500000
25292.500000
64348.500000
7528.500000
940.500000
14717.500000
115.500000
2392.500000
3157.500000
1439.500000
4199.500000
350.500000
3590.500000
5909.500000
1.000000
50361.500000
6281.500000
740.500000
35913.500000
997.500000
50160.500000
66.500000
34.500000
6495.500000
48632.500000
30629.500000
6990.500000
14683.500000
3933.500000
269.500000
92683.500000
3.500000
1683.500000
14480.500000
16496.500000
5531.500000
46.500000
25695.500000
34896.500000
37167.500000
5123.500000
451.500000
3282.500000
1723.500000
2422.500000
48.500000
6581.500000
2640.500000
241.500000
1027.500000
109297.500000
6836.500000
1427.500000
7203.500000
520.500000
1598.500000
2369.500000
7448.500000
33315.500000
3858.500000
55.500000
17466.500000
5003.500000
14272.500000
4904.500000
111580.500000
122.500000
77868.500000
4155.500000
4934.500000
19519.500000
19431.500000
28557.500000
355.500000
1306.500000
3822.500000
5481.500000
59566.500000
2421.500000
3244.500000
141.500000
11635.500000
46.500000
13044.500000
2502.500000
42250.500000
98163.500000
1018.500000
873.500000
1027.500000
58621.500000
12309.500000
5215.500000
4417.500000
65.500000
159.500000
5350.500000
1124.500000
740.500000
637.500000
38901.500000
8101.500000
843.500000
34816.500000
18601.500000
3228.500000
8.500000
1130.500000
2719.500000
77.500000
1221.500000
1939.500000
13307.500000
91767.500000
8142.500000
4.500000
6554.500000
591.500000
6948.500000
4.500000
2500.500000
47937.500000
7404.500000
17266.500000
66.500000
58032.500000
23.500000
875.500000
4069.500000
792.500000
101.500000
195.500000
2239.500000
6924.500000
31.500000
13771.500000
4.500000
77.500000
25806.500000
125.500000
4140.500000
7443.500000
1699.500000
3.500000
740.500000
44760.500000
2182.500000
17653.500000
4604.500000
1202.500000
32236.500000
46968.500000
3860.500000
3.500000
32785.500000
591.500000
5351.500000
79.500000
27325.500000
69.500000
7653.500000
11050.500000
9832.500000
4408.500000
722.500000
31924.500000
1487.500000
9012.500000
2809.500000
89.500000
355.500000
36.500000
2211.500000
2067.500000
1213.500000
40340.500000
20.500000
381.500000
797.500000
307.500000
559.500000
145.500000
679.500000
4095.500000
6722.500000
19867.500000
2416.500000
5.500000
341.500000
9.500000
34405.500000
2775.500000
4683.500000
199.500000
5320.500000
740.500000
53470.500000
5911.500000
3603.500000
8003.500000
2291.500000
1443.500000
2749.500000
860.500000
11227.500000
728.500000
39178.500000
89.500000
339.500000
551.500000
8641.500000
68.500000
3456.500000
1987.500000
11681.500000
13655.500000
6739.500000
3714.500000
66.500000
52304.500000
1448.500000
230.500000
7494.500000
9839.500000
2043.500000
2789.500000
23224.500000
2216.500000
5928.500000
1204.500000
11699.500000
3649.500000
25422.500000
3409.500000
10349.500000
5090.500000
21775.500000
30798.500000
12304.500000
1771.500000
66.500000
939.500000
2028.500000
1.000000
5088.500000
7542.500000
4946.500000
1.000000
5898.500000
3030.500000
4364.500000
115229.500000
1497.500000
44061.500000
21638.500000
19624.500000
25415.500000
236.500000
626.500000
83701.500000
129.500000
3435.500000
68.500000
4469.500000
35973.500000
3686.500000
3784.500000
1764.500000
21492.500000
3742.500000
1045.500000
1089.500000
753.500000
180.500000
6029.500000
1638.500000
10515.500000
310.500000
26.500000
27385.500000
381.500000
7448.500000
19.500000
27.500000
534.500000
253.500000
13.500000
5124.500000
6586.500000
24305.500000
25.500000
1177.500000
523.500000
32352.500000
5417.500000
113838.500000
21448.500000
10053.500000
13.500000
4378.500000
4048.500000
5659.500000
36752.500000
329.500000
334.500000
2463.500000
384.500000
1177.500000
1655.500000
11143.500000
12022.500000
695.500000
24135.500000
42942.500000
2212.500000
29880.500000
228.500000
1437.500000
6107.500000
30591.500000
33169.500000
8202.500000
95261.500000
1091.500000
33961.500000
16158.500000
1257.500000
11324.500000
1694.500000
62270.500000
9228.500000
637.500000
648.500000
67652.500000
1420.500000
1880.500000
27558.500000
28333.500000
6452.500000
16367.500000
5548.500000
8121.500000
111313.500000
2130.500000
2910.500000
6610.500000
651.500000
5494.500000
748.500000
288.500000
19805.500000
28913.500000
5926.500000
9527.500000
1.000000
1436.500000
913.500000
384.500000
797.500000
1100.500000
125.500000
637.500000
461.500000
74574.500000
10967.500000
5604.500000
7140.500000
3720.500000
13524.500000
5862.500000
7595.500000
50006.500000
2265.500000
6725.500000
125.500000
48.500000
34260.500000
1635.500000
2964.500000
2307.500000
59062.500000
427.500000
12039.500000
6236.500000
167.500000
895.500000
2870.500000
13752.500000
129.500000
2384.500000
822.500000
368.500000
219.500000
5770.500000
44893.500000
1170.500000
7997.500000
58010.500000
473.500000
1248.500000
28929.500000
28.500000
28739.500000
80843.500000
954.500000
2215.500000
3260.500000
17433.500000
1023.500000
17201.500000
395.500000
32693.500000
574.500000
102890.500000
61.500000
1.000000
784.500000
6306.500000
135.500000
22764.500000
5419.500000
17.500000
13202.500000
6913.500000
15671.500000
7213.500000
512.500000
32569.500000
16026.500000
1690.500000
10064.500000
10069.500000
5065.500000
165.500000
10779.500000
29779.500000
2448.500000
40432.500000
740.500000
284.500000
12570.500000
99457.500000
25180.500000
6290.500000
2772.500000
11500.500000
179.500000
82.500000
81.500000
2461.500000
732.500000
6463.500000
67.500000
3927.500000
99936.500000
1781.500000
3949.500000
19422.500000
270.500000
40853.500000
4227.500000
199.500000
2022.500000
2712.500000
10875.500000
75.500000
136.500000
1225.500000
182263.500000
275.500000
13250.500000
46.500000
64.500000
2483.500000
7887.500000
761.500000
843.500000
4144.500000
320.500000
435.500000
16689.500000
85026.500000
422.500000
272.500000
42.500000
340.500000
4231.500000
8309.500000
2105.500000
52975.500000
10584.500000
8233.500000
7978.500000
15068.500000
1076.500000
10.500000
31334.500000
95925.500000
28150.500000
5862.500000
7232.500000
44290.500000
67367.500000
1103.500000
1765.500000
28167.500000
3783.500000
2948.500000
1348.500000
480.500000
8703.500000
3916.500000
10756.500000
3978.500000
27798.500000
4228.500000
2797.500000
13799.500000
14027.500000
22468.500000
11563.500000
649.500000
1906.500000
1045.500000
41514.500000
61121.500000
79.500000
9961.500000
679.500000
31148.500000
400.500000
16271.500000
213.500000
10475.500000
282.500000
49865.500000
1783.500000
4882.500000
784.500000
78707.500000
3.500000
81340.500000
2603.500000
6178.500000
601.500000
14119.500000
299.500000
326.500000
4951.500000
804.500000
5034.500000
5215.500000
499.500000
3864.500000
341.500000
20.500000
13996.500000
17452.500000
1522.500000
14813.500000
1.000000
515.500000
12.500000
1160.500000
44.500000
169.500000
407.500000
913.500000
3560.500000
4014.500000
913.500000
6760.500000
16115.500000
6360.500000
74.500000
395.500000
381.500000
682.500000
6705.500000
2783.500000
19157.500000
8858.500000
3597.500000
17.500000
9.500000
14764.500000
13341.500000
16583.500000
8314.500000
1743.500000
1354.500000
1292.500000
580.500000
31198.500000
3927.500000
54929.500000
984.500000
1720.500000
126.500000
558.500000
10119.500000
503.500000
678.500000
1192.500000
2919.500000
709.500000
1711.500000
11442.500000
9143.500000
177.500000
15851.500000
14.500000
33819.500000
9352.500000
3315.500000
12358.500000
19866.500000
280.500000
10164.500000
2648.500000
1468.500000
649.500000
14480.500000
980.500000
5560.500000
50588.500000
5109.500000
1547.500000
3879.500000
1484.500000
69846.500000
5718.500000
9192.500000
81.500000
20290.500000
40095.500000
871.500000
1154.500000
318.500000
5237.500000
4282.500000
3060.500000
4898.500000
117283.500000
264.500000
6249.500000
82.500000
485.500000
1964.500000
7927.500000
19820.500000
1279.500000
241.500000
1821.500000
14139.500000
1876.500000
4694.500000
9839.500000
4915.500000
125.500000
222.500000
18725.500000
17874.500000
32.500000
6856.500000
104.500000
8855.500000
6641.500000
5581.500000
108.500000
11727.500000
19355.500000
3600.500000
2307.500000
26.500000
8895.500000
1339.500000
496.500000
48197.500000
22708.500000
16753.500000
15931.500000
26408.500000
13107.500000
3553.500000
31794.500000
10876.500000
9884.500000
2375.500000
70927.500000
125.500000
66.500000
354.500000
59133.500000
4.500000
284.500000
8023.500000
13.500000
180.500000
7894.500000
2494.500000
1066.500000
1307.500000
329.500000
3777.500000
43095.500000
461.500000
319.500000
2104.500000
5717.500000
461.500000
60357.500000
35.500000
9015.500000
6175.500000
2374.500000
625.500000
29.500000
76528.500000
3409.500000
102.500000
68.500000
70.500000
620.500000
14434.500000
115318.500000
14931.500000
27851.500000
5971.500000
46.500000
10004.500000
60.500000
5431.500000
6781.500000
173.500000
2806.500000
156.500000
12154.500000
462.500000
551.500000
684.500000
38992.500000
28812.500000
21961.500000
168.500000
4404.500000
727.500000
478.500000
1953.500000
67.500000
730.500000
3054.500000
219.500000
385.500000
44063.500000
25522.500000
2081.500000
332.500000
29353.500000
379.500000
2391.500000
6395.500000
1168.500000
1.000000
62838.500000
485.500000
5013.500000
133.500000
1410.500000
9.500000
412.500000
170.500000
1839.500000
11707.500000
118.500000
1517.500000
917.500000
66.500000
1235.500000
7708.500000
6706.500000
3583.500000
60.500000
977.500000
77.500000
12935.500000
5366.500000
8956.500000
6354.500000
730.500000
1931.500000
307.500000
304.500000
38906.500000
3583.500000
7226.500000
1079.500000
4364.500000
617.500000
6135.500000
8585.500000
128052.500000
5334.500000
11424.500000
11171.500000
558.500000
747.500000
291.500000
10601.500000
583.500000
814.500000
876.500000
14281.500000
45897.500000
73643.500000
3455.500000
36357.500000
9048.500000
10119.500000
13210.500000
1282.500000
8997.500000
7765.500000
2484.500000
15830.500000
46170.500000
1159.500000
4960.500000
73.500000
4031.500000
5564.500000
59.500000
1041.500000
709.500000
5152.500000
13.500000
1.000000
1159.500000
6533.500000
66484.500000
4481.500000
425.500000
5616.500000
7686.500000
2930.500000
14510.500000
8092.500000
474.500000
8982.500000
543.500000
192.500000
1280.500000
19871.500000
6005.500000
207.500000
67.500000
634.500000
32327.500000
9664.500000
490.500000
69728.500000
7146.500000
11893.500000
19000.500000
385.500000
4420.500000
10518.500000
12430.500000
317.500000
409.500000
61.500000
13757.500000
1095.500000
200.500000
868.500000
451.500000
18207.500000
2227.500000
13870.500000
14928.500000
1.000000
62292.500000
414.500000
896.500000
4098.500000
13610.500000
15694.500000
5929.500000
239.500000
48416.500000
2604.500000
13.500000
382.500000
13465.500000
878.500000
38745.500000
2584.500000
15178.500000
9107.500000
67.500000
108174.500000
3058.500000
2939.500000
239.500000
3731.500000
1774.500000
1727.500000
3896.500000
15788.500000
12029.500000
14999.500000
26391.500000
192.500000
3.500000
1443.500000
4549.500000
1355.500000
6462.500000
31.500000
15133.500000
51146.500000
5620.500000
4917.500000
733.500000
66.500000
9770.500000
17.500000
9726.500000
80905.500000
11476.500000
18027.500000
68.500000
3787.500000
8999.500000
650.500000
384.500000
6195.500000
1517.500000
20730.500000
22080.500000
9407.500000
444.500000
12853.500000
135.500000
3889.500000
27846.500000
86.500000
753.500000
34830.500000
11888.500000
1448.500000
53957.500000
25.500000
8037.500000
37230.500000
3586.500000
17710.500000
395.500000
281.500000
1937.500000
24232.500000
2418.500000
5296.500000
32823.500000
7169.500000
26938.500000
28069.500000
2593.500000
383.500000
22.500000
180.500000
3926.500000
22773.500000
6650.500000
1600.500000
266.500000
940.500000
1984.500000
2674.500000
2655.500000
2003.500000
1427.500000
6870.500000
1513.500000
2920.500000
334.500000
43691.500000
13671.500000
4.500000
2622.500000
3548.500000
26548.500000
5970.500000
595.500000
17714.500000
1098.500000
1691.500000
2155.500000
5009.500000
6739.500000
116295.500000
26595.500000
31988.500000
879.500000
3475.500000
91292.500000
4.500000
87681.500000
757.500000
16499.500000
5088.500000
118.500000
2328.500000
5477.500000
3324.500000
37899.500000
1994.500000
8493.500000
89.500000
74.500000
7127.500000
5863.500000
10967.500000
9264.500000
5880.500000
25239.500000
738.500000
35077.500000
6547.500000
23008.500000
13335.500000
574.500000
4470.500000
65500.500000
190.500000
119318.500000
91002.500000
61.500000
4955.500000
9264.500000
23721.500000
35177.500000
125.500000
6115.500000
1398.500000
21222.500000
15143.500000
5148.500000
2815.500000
1606.500000
4489.500000
209.500000
8880.500000
2428.500000
3884.500000
52719.500000
9854.500000
94.500000
8616.500000
18667.500000
42641.500000
707.500000
378.500000
437.500000
6147.500000
289.500000
5248.500000
19.500000
29569.500000
11675.500000
244.500000
9494.500000
433.500000
427.500000
6392.500000
3829.500000
25145.500000
204.500000
9615.500000
4196.500000
534.500000
13487.500000
4595.500000
5367.500000
15284.500000
27774.500000
15701.500000
46556.500000
430.500000
14059.500000
1065.500000
1511.500000
76298.500000
2194.500000
1497.500000
24312.500000
817.500000
1093.500000
7599.500000
5584.500000
26207.500000
2.500000
13523.500000
500.500000
150.500000
493.500000
553.500000
1387.500000
30309.500000
37589.500000
428.500000
1219.500000
3881.500000
18262.500000
192.500000
6696.500000
30682.500000
85877.500000
13.500000
301.500000
21346.500000
2837.500000
106278.500000
600.500000
1420.500000
4651.500000
1614.500000
12189.500000
226.500000
1453.500000
2305.500000
12423.500000
601.500000
16879.500000
56518.500000
85.500000
47.500000
18533.500000
9151.500000
2794.500000
5536.500000
39.500000
440.500000
4605.500000
494.500000
14687.500000
5166.500000
1.000000
19.500000
14561.500000
10638.500000
31041.500000
500.500000
25641.500000
15054.500000
9.500000
10144.500000
102.500000
29752.500000
78.500000
5968.500000
5422.500000
6523.500000
163.500000
30570.500000
245.500000
16812.500000
29714.500000
10405.500000
799.500000
50034.500000
1.500000
45792.500000
1405.500000
637.500000
6275.500000
2263.500000
5582.500000
1395.500000
8746.500000
1031.500000
3869.500000
341.500000
74242.500000
8563.500000
1579.500000
9.500000
11518.500000
5517.500000
5745.500000
38738.500000
2734.500000
2229.500000
1041.500000
1.000000
35845.500000
5942.500000
18820.500000
45742.500000
60.500000
112274.500000
540.500000
84.500000
2370.500000
27480.500000
34522.500000
9079.500000
5099.500000
27921.500000
3882.500000
336.500000
449.500000
2798.500000
4119.500000
3211.500000
358.500000
2700.500000
1523.500000
14617.500000
99951.500000
63.500000
30509.500000
5783.500000
51.500000
299.500000
226.500000
7064.500000
1460.500000
3888.500000
19085.500000
173.500000
4308.500000
8944.500000
48222.500000
1054.500000
1831.500000
2911.500000
331.500000
6.500000
4033.500000
157.500000
12084.500000
65814.500000
4948.500000
1496.500000
22637.500000
348.500000
1.000000
851.500000
4084.500000
3039.500000
1241.500000
1.000000
16954.500000
71.500000
20.500000
90593.500000
40760.500000
526.500000
16262.500000
26562.500000
1513.500000
4248.500000
133871.500000
2448.500000
12539.500000
341.500000
5733.500000
108780.500000
222.500000
3570.500000
14967.500000
1353.500000
3436.500000
8943.500000
19637.500000
299.500000
1579.500000
1129.500000
4227.500000
1301.500000
38943.500000
359.500000
23829.500000
1677.500000
712.500000
953.500000
799.500000
292.500000
10217.500000
19078.500000
1887.500000
4101.500000
431.500000
18.500000
5663.500000
8842.500000
348.500000
1148.500000
29441.500000
1044.500000
1.000000
6371.500000
8267.500000
4437.500000
183.500000
2441.500000
101406.500000
390.500000
5451.500000
4424.500000
11097.500000
834.500000
204.500000
6500.500000
32817.500000
1596.500000
35919.500000
957.500000
12493.500000
5248.500000
861.500000
15035.500000
1458.500000
28364.500000
12453.500000
1.500000
1262.500000
276.500000
801.500000
17814.500000
4993.500000
511.500000
29524.500000
2937.500000
1359.500000
144.500000
9.500000
48153.500000
34164.500000
81.500000
129.500000
1663.500000
1415.500000
16440.500000
2965.500000
14281.500000
11.500000
4164.500000
436.500000
6237.500000
139.500000
2456.500000
2607.500000
4719.500000
280.500000
6548.500000
38087.500000
837.500000
12307.500000
720.500000
1828.500000
12.500000
701.500000
72.500000
3481.500000
3556.500000
14567.500000
1.000000
1381.500000
3077.500000
1579.500000
25671.500000
1328.500000
7351.500000
8276.500000
4654.500000
11725.500000
5105.500000
848.500000
15731.500000
2506.500000
718.500000
922.500000
1.000000
879.500000
1.000000
21772.500000
1108.500000
20582.500000
1328.500000
9529.500000
789.500000
47345.500000
1.000000
24967.500000
1243.500000
36628.500000
22804.500000
53174.500000
21849.500000
1427.500000
21110.500000
2212.500000
78.500000
119096.500000
1276.500000
884.500000
55792.500000
583.500000
2374.500000
8264.500000
1862.500000
10426.500000
192.500000
9.500000
44749.500000
1124.500000
4335.500000
46177.500000
29683.500000
4149.500000
35540.500000
20324.500000
1628.500000
5702.500000
170.500000
347.500000
5822.500000
5615.500000
8086.500000
627.500000
1359.500000
7052.500000
682.500000
211.500000
9.500000
19934.500000
2590.500000
9918.500000
789.500000
3104.500000
15730.500000
2.500000
437.500000
4622.500000
23143.500000
4006.500000
11541.500000
8489.500000
1850.500000
1138.500000
48.500000
1338.500000
6252.500000
1623.500000
15098.500000
2313.500000
23.500000
22005.500000
2610.500000
2503.500000
28868.500000
3154.500000
243.500000
1.000000
2833.500000
105.500000
878.500000
10801.500000
1420.500000
1532.500000
383.500000
37956.500000
1614.500000
32742.500000
13945.500000
117684.500000
731.500000
13998.500000
17.500000
445.500000
50939.500000
692.500000
6960.500000
6527.500000
1091.500000
582.500000
8968.500000
68579.500000
3459.500000
341.500000
3950.500000
29.500000
6531.500000
26375.500000
7233.500000
15975.500000
3998.500000
22513.500000
82.500000
25546.500000
1995.500000
1909.500000
1822.500000
895.500000
16051.500000
3156.500000
86.500000
3628.500000
2337.500000
4129.500000
3360.500000
425.500000
581.500000
656.500000
2349.500000
12239.500000
17326.500000
10126.500000
1940.500000
47222.500000
10531.500000
83242.500000
1.000000
20567.500000
30280.500000
66691.500000
20566.500000
1.000000
4376.500000
56.500000
39.500000
17.500000
1764.500000
1226.500000
6185.500000
1995.500000
7373.500000
10440.500000
869.500000
19222.500000
14784.500000
46.500000
13601.500000
11315.500000
1549.500000
91.500000
76368.500000
2722.500000
8557.500000
3415.500000
360.500000
19000.500000
7060.500000
10471.500000
1826.500000
6289.500000
60.500000
19.500000
26972.500000
1118.500000
18415.500000
6.500000
15998.500000
1535.500000
2734.500000
326.500000
6787.500000
383.500000
15160.500000
64.500000
24415.500000
3542.500000
9888.500000
294.500000
1418.500000
276.500000
758.500000
3367.500000
9226.500000
1227.500000
14085.500000
2893.500000
1012.500000
1254.500000
441.500000
5009.500000
4706.500000
74.500000
15730.500000
58.500000
336.500000
424.500000
1932.500000
91588.500000
464.500000
436.500000
2587.500000
8153.500000
938.500000
490.500000
229.500000
66829.500000
1285.500000
109.500000
56046.500000
850.500000
4634.500000
9.500000
58143.500000
21737.500000
43033.500000
4829.500000
48912.500000
369.500000
563.500000
2047.500000
5008.500000
118.500000
1327.500000
14545.500000
59521.500000
203.500000
11992.500000
56.500000
6752.500000
13777.500000
35481.500000
6499.500000
55824.500000
4184.500000
788.500000
1055.500000
1554.500000
819.500000
38806.500000
55946.500000
37.500000
4353.500000
164392.500000
4020.500000
3885.500000
9727.500000
2191.500000
1431.500000
52.500000
19.500000
143.500000
1.000000
59.500000
6420.500000
472.500000
10469.500000
2831.500000
6184.500000
25319.500000
145451.500000
16342.500000
4793.500000
1164.500000
1604.500000
15740.500000
682.500000
223.500000
383.500000
78879.500000
282.500000
710.500000
40255.500000
72598.500000
8612.500000
1450.500000
5965.500000
5958.500000
2578.500000
274.500000
6685.500000
14743.500000
5769.500000
8594.500000
3522.500000
744.500000
1675.500000
78977.500000
37538.500000
2393.500000
688.500000
627.500000
11798.500000
9990.500000
1.000000
4097.500000
8304.500000
127.500000
640.500000
5541.500000
13331.500000
202.500000
30791.500000
482.500000
308.500000
1511.500000
14339.500000
424.500000
146.500000
29.500000
5646.500000
3125.500000
1738.500000
56121.500000
6210.500000
48.500000
1420.500000
1349.500000
5052.500000
1295.500000
74.500000
1557.500000
287.500000
1518.500000
61761.500000
94.500000
18347.500000
6266.500000
101123.500000
2.500000
143.500000
8276.500000
1185.500000
1227.500000
466.500000
15382.500000
369.500000
13774.500000
6789.500000
17.500000
1958.500000
1301.500000
1.000000
441.500000
853.500000
535.500000
943.500000
37.500000
14267.500000
4007.500000
84.500000
59369.500000
680.500000
7750.500000
2937.500000
287.500000
96.500000
4447.500000
314.500000
464.500000
408.500000
2000.500000
434.500000
1598.500000
130570.500000
3629.500000
803.500000
84.500000
341.500000
49359.500000
133393.500000
95285.500000
324.500000
16963.500000
19623.500000
7507.500000
6448.500000
302.500000
415.500000
7986.500000
33570.500000
3134.500000
26345.500000
11975.500000
1067.500000
1266.500000
273.500000
891.500000
23398.500000
39.500000
6062.500000
15246.500000
14697.500000
7195.500000
1412.500000
8874.500000
157.500000
79.500000
9.500000
6269.500000
7027.500000
27891.500000
1.000000
76.500000
13805.500000
1660.500000
12901.500000
39511.500000
1526.500000
1140.500000
2397.500000
992.500000
23761.500000
22313.500000
1166.500000
18722.500000
5356.500000
101896.500000
936.500000
98566.500000
54791.500000
28356.500000
12268.500000
29694.500000
434.500000
1822.500000
4627.500000
289.500000
889.500000
19678.500000
30907.500000
2419.500000
22480.500000
3077.500000
487.500000
10959.500000
12607.500000
5403.500000
1442.500000
32720.500000
137.500000
21433.500000
3789.500000
6566.500000
41474.500000
1852.500000
778.500000
81016.500000
127617.500000
93642.500000
1098.500000
21663.500000
87.500000
201.500000
2075.500000
1054.500000
1.000000
23.500000
3580.500000
5793.500000
869.500000
6317.500000
23624.500000
9.500000
561.500000
15413.500000
8628.500000
1440.500000
19.500000
1.000000
143.500000
15360.500000
8595.500000
1832.500000
4028.500000
39.500000
78135.500000
4437.500000
2.500000
375.500000
32159.500000
9557.500000
37788.500000
508.500000
5206.500000
458.500000
169.500000
2762.500000
2241.500000
13104.500000
2995.500000
22403.500000
2521.500000
1115.500000
12256.500000
1418.500000
21581.500000
63.500000
526.500000
8526.500000
6643.500000
68545.500000
2552.500000
553.500000
279.500000
1264.500000
5763.500000
22.500000
382.500000
604.500000
466.500000
4829.500000
1316.500000
6362.500000
60.500000
14927.500000
118122.500000
17205.500000
424.500000
26705.500000
2014.500000
77.500000
72.500000
66913.500000
7460.500000
94035.500000
4164.500000
442.500000
16393.500000
49033.500000
1.000000
301.500000
12016.500000
3110.500000
59.500000
1531.500000
36753.500000
1.500000
19298.500000
81.500000
48244.500000
77861.500000
596.500000
4966.500000
252.500000
3997.500000
923.500000
9292.500000
493.500000
2863.500000
7105.500000
7243.500000
898.500000
2521.500000
5259.500000
7793.500000
91.500000
5006.500000
5561.500000
21290.500000
190.500000
8887.500000
50822.500000
90.500000
504.500000
1306.500000
9228.500000
20083.500000
65938.500000
1198.500000
71.500000
3.500000
779.500000
2243.500000
6238.500000
19729.500000
814.500000
9955.500000
20875.500000
1501.500000
27.500000
775.500000
20386.500000
1569.500000
18724.500000
3546.500000
18287.500000
46616.500000
10663.500000
3890.500000
7769.500000
1003.500000
1129.500000
43355.500000
10680.500000
1074.500000
614.500000
9.500000
10082.500000
1227.500000
313.500000
11188.500000
18738.500000
2881.500000
310.500000
6924.500000
18270.500000
12598.500000
43823.500000
85054.500000
2222.500000
2263.500000
69941.500000
16861.500000
3565.500000
3997.500000
26551.500000
840.500000
59283.500000
1713.500000
81.500000
22601.500000
210.500000
2553.500000
382.500000
14681.500000
31797.500000
46.500000
103.500000
811.500000
40221.500000
26888.500000
10264.500000
9575.500000
3376.500000
6648.500000
3076.500000
1010.500000
19893.500000
9265.500000
7383.500000
10334.500000
58266.500000
77.500000
20048.500000
1023.500000
13669.500000
1445.500000
3983.500000
9526.500000
812.500000
3534.500000
1112.500000
34798.500000
2069.500000
1.000000
5517.500000
12978.500000
7733.500000
3111.500000
386.500000
3273.500000
5367.500000
4426.500000
1136.500000
3.500000
1289.500000
417.500000
1575.500000
95.500000
19.500000
326.500000
135.500000
526.500000
2034.500000
48016.500000
52648.500000
318.500000
3348.500000
36431.500000
33741.500000
6004.500000
324.500000
22048.500000
608.500000
149.500000
3140.500000
12869.500000
337.500000
918.500000
5283.500000
38734.500000
310.500000
993.500000
4533.500000
4739.500000
28894.500000
518.500000
72.500000
546.500000
421.500000
54310.500000
143798.500000
9274.500000
8.500000
19929.500000
4627.500000
1888.500000
28356.500000
6977.500000
1293.500000
3228.500000
5214.500000
7008.500000
3799.500000
490.500000
19.500000
1412.500000
2612.500000
6932.500000
28224.500000
50779.500000
2225.500000
26053.500000
30081.500000
3812.500000
336.500000
5792.500000
42.500000
3409.500000
21811.500000
2210.500000
2647.500000
3392.500000
1095.500000
267.500000
4462.500000
350.500000
236.500000
2526.500000
