25925.000000
28586.500000
4.500000
3746.000000
6.000000
228.500000
315.500000
348.500000
746.500000
571.000000
103.500000
2775.500000
12648.500000
2440.000000
38.500000
1376.000000
702.000000
42.000000
1138.000000
2149.000000
87.000000
76.500000
6273.500000
12318.500000
1864.000000
23017.500000
23.000000
20326.000000
1106.000000
903.000000
4285.000000
6.000000
8.500000
229.500000
216.500000
12581.500000
15186.000000
54.000000
5566.000000
5179.500000
489.000000
2621.500000
569.500000
13771.500000
96.000000
2604.500000
28682.000000
641.500000
40.000000
54.000000
3190.000000
22022.500000
130.500000
6240.500000
25.500000
287.500000
1094.000000
28428.000000
32507.500000
12947.500000
272.000000
243.500000
1822.000000
2519.000000
21597.000000
712.000000
11981.500000
2925.500000
3384.000000
1423.500000
882.000000
5097.000000
7130.500000
37218.000000
1410.500000
14112.000000
9127.500000
46099.500000
192.500000
21230.500000
962.500000
35241.500000
3441.500000
1691.500000
10099.000000
9794.500000
2004.500000
3484.500000
10871.500000
0.500000
0.500000
133.000000
12.500000
2901.000000
4266.000000
9653.000000
6537.000000
112.000000
35.000000
1229.000000
1189.000000
5051.500000
1454.500000
8071.500000
13906.500000
6081.500000
498.500000
241.000000
8376.500000
2714.500000
7677.000000
2352.500000
8.500000
1043.500000
10.500000
1293.000000
1676.000000
2082.500000
3872.000000
1141.500000
8019.500000
23.500000
612.000000
26.500000
1472.000000
1842.500000
43.000000
793.000000
4647.500000
953.000000
14950.500000
3533.000000
5.500000
2492.500000
11320.000000
2070.500000
3797.500000
1848.500000
12404.500000
0.500000
0.500000
95.000000
4809.000000
16958.000000
133.000000
4574.000000
1750.500000
7155.500000
38.000000
1316.500000
4091.000000
6650.000000
490.000000
224.500000
9287.000000
2950.000000
8768.000000
8.000000
1522.000000
1113.500000
12.000000
1287.000000
2187.000000
4100.000000
1189.500000
2491.000000
23.500000
16195.000000
600.500000
28.000000
47.500000
1579.500000
1855.500000
1725.500000
39.500000
822.000000
5095.000000
1035.000000
3719.000000
111.000000
4915.000000
375.500000
329.500000
1832.000000
2261.000000
0.500000
499.500000
0.500000
62.500000
47.500000
12991.500000
80.500000
6.500000
3613.000000
336.000000
250.500000
151.000000
1079.500000
76.500000
153.000000
30.500000
1919.000000
1498.000000
1060.000000
167.000000
3.000000
704.000000
3063.500000
4.500000
1113.500000
7028.000000
650.000000
588.500000
13.000000
10.000000
25.000000
4773.500000
2679.500000
24.000000
581.500000
2406.000000
12800.500000
2576.500000
9314.000000
1.500000
9008.000000
16344.500000
5252.500000
4008.000000
4.500000
9882.500000
6.000000
163.000000
6474.000000
16060.000000
305.000000
44.000000
942.000000
687.500000
428.000000
497.500000
9643.500000
2451.500000
10054.000000
2853.000000
42.500000
2994.500000
73.000000
10836.500000
59.000000
96.000000
19.000000
1094.000000
217.500000
5396.500000
442.500000
400.000000
1819.500000
2479.500000
0.500000
95.500000
76.500000
4384.500000
139.000000
8113.000000
133.000000
13.500000
3183.500000
350.500000
207.500000
113.500000
239.000000
12078.500000
245.000000
4129.500000
1228.500000
244.000000
11530.000000
10.000000
1333.000000
334.500000
14.000000
1381.000000
530.000000
939.000000
31.000000
5810.000000
670.000000
45.500000
2030.500000
40.500000
3160.500000
11575.500000
5.500000
105.000000
462.000000
10309.500000
3414.000000
220.000000
209.500000
984.000000
1481.000000
3471.000000
0.500000
314.000000
996.000000
0.500000
35.000000
26.500000
2776.500000
54.500000
6652.000000
5304.500000
6326.000000
50.000000
2.000000
170.500000
991.000000
88.000000
41.500000
105.500000
113.500000
25.500000
2712.000000
4958.500000
1776.500000
15911.500000
1133.500000
114.500000
1.500000
846.500000
677.000000
158.500000
1.500000
5680.000000
278.000000
488.000000
6.000000
476.500000
325.000000
5.000000
12.500000
6315.500000
8.500000
1919.500000
3921.000000
8148.500000
2792.500000
0.500000
3498.000000
35.500000
229.500000
3263.500000
6829.500000
7346.500000
1337.500000
4400.500000
6.000000
203.500000
195.500000
10773.000000
4256.500000
43.000000
649.500000
407.500000
82.000000
2170.500000
9507.000000
13071.500000
8184.500000
3708.000000
1970.500000
462.000000
34.000000
1172.000000
1008.000000
1896.000000
12700.000000
3446.000000
1822.000000
89.000000
1125.500000
122.500000
6689.500000
4511.000000
9655.000000
7720.000000
5490.000000
5407.500000
25.000000
5446.000000
16831.000000
14712.000000
3174.000000
1572.000000
2.000000
2.000000
140.500000
190.000000
204.000000
3520.500000
320.500000
131.500000
315.500000
1479.000000
4759.500000
7127.500000
1255.000000
3537.000000
546.000000
274.500000
10553.000000
588.500000
1140.500000
3979.000000
23.500000
1372.000000
2384.000000
1075.500000
10131.000000
40.500000
1105.000000
12307.000000
719.500000
79.000000
15823.000000
3878.500000
5746.000000
61.500000
4404.500000
1406.500000
4225.500000
148.500000
3948.500000
15588.500000
379.500000
361.500000
10726.000000
2467.500000
14786.500000
0.500000
507.500000
0.500000
77.500000
63.000000
113.000000
115.000000
9.000000
2685.500000
10348.000000
80.500000
184.000000
39.000000
1212.500000
1427.000000
1665.500000
789.000000
2609.500000
363.000000
2394.500000
7445.500000
368.500000
745.000000
2983.000000
10576.000000
8.500000
856.500000
1758.500000
720.500000
19.000000
9251.000000
510.000000
20.000000
41.500000
1409.500000
12718.500000
2896.000000
3980.500000
32.000000
2807.000000
3240.000000
7012.500000
3.500000
8970.000000
381.000000
511.500000
32.000000
1745.000000
1550.500000
1674.500000
2075.000000
225.000000
2034.000000
443.500000
1040.500000
269.500000
157.500000
124.500000
249.000000
1686.000000
771.000000
0.500000
46.000000
1707.000000
1347.000000
0.500000
1407.500000
1.500000
0.500000
452.000000
3.000000
985.000000
814.000000
290.500000
1825.500000
385.000000
1380.500000
900.000000
4.500000
0.500000
296.000000
1431.000000
1472.500000
1660.500000
632.500000
295.500000
546.000000
1047.000000
36.500000
160.500000
8.500000
1952.500000
1407.500000
943.000000
2043.000000
1.500000
1497.500000
8.500000
1810.000000
1646.500000
10.500000
1185.500000
0.500000
134.500000
614.000000
192.000000
241.500000
196.500000
2012.500000
131.500000
896.500000
418.000000
711.000000
171.500000
2095.500000
97.000000
46.000000
700.000000
308.500000
243.500000
0.500000
156.000000
40.500000
105.500000
664.500000
1287.000000
19.500000
0.500000
118.500000
151.500000
113.000000
222.000000
46.000000
484.500000
80.000000
106.000000
1040.000000
1548.500000
1158.000000
670.000000
0.500000
114.000000
73.500000
1935.000000
1832.000000
562.000000
2176.000000
50.500000
1958.500000
0.500000
0.500000
538.500000
149.500000
0.500000
344.000000
1773.500000
357.000000
379.000000
263.000000
659.500000
394.000000
1158.000000
1005.000000
0.500000
40.500000
248.500000
2.000000
33.000000
445.500000
1115.000000
6574.500000
462.000000
3808.500000
12360.500000
0.500000
1.500000
99.000000
162.500000
6681.500000
2812.500000
18228.500000
162.500000
14.500000
2990.000000
10459.500000
480.000000
350.000000
1404.500000
258.000000
7472.500000
33.000000
1344.500000
1309.500000
2349.500000
1900.500000
1851.500000
10.500000
14.500000
3918.000000
4660.500000
1035.000000
1108.000000
9494.500000
2527.000000
918.500000
702.000000
29.500000
1635.500000
43.000000
3343.500000
6075.500000
5364.000000
7.000000
4492.000000
580.500000
118.000000
8021.000000
942.000000
779.500000
5272.500000
12707.500000
4601.000000
2823.000000
3948.500000
4.500000
314.000000
8072.500000
3874.000000
45.000000
12083.500000
455.500000
494.000000
8665.000000
65.500000
3484.000000
2902.500000
10616.500000
2940.000000
4475.000000
16914.500000
41.500000
40.500000
5485.000000
6184.000000
1853.500000
7607.500000
18915.000000
1349.500000
68.500000
109.000000
4718.500000
7064.000000
6212.500000
251.000000
11641.500000
3513.000000
5021.000000
14.500000
15.000000
281.000000
428.000000
443.500000
68.000000
2458.000000
84.000000
4209.500000
3747.000000
15488.500000
3966.000000
76.000000
1604.500000
7465.000000
2181.000000
9786.000000
1781.500000
152.000000
201.000000
3106.000000
2894.000000
171.500000
6102.000000
9446.500000
35.000000
10918.500000
1362.000000
347.500000
1207.500000
3809.000000
210.000000
948.500000
6350.500000
1275.500000
1102.500000
728.500000
574.000000
6086.500000
0.500000
2128.500000
0.500000
33.000000
30.000000
59.000000
4668.000000
8356.000000
55.500000
2.000000
8087.500000
2781.000000
1395.000000
8214.500000
681.500000
94.000000
594.000000
8220.000000
40.500000
3534.500000
546.500000
4531.000000
2837.500000
643.500000
4532.000000
245.000000
111.000000
2974.500000
1.500000
641.000000
4479.500000
343.500000
259.000000
512.000000
178.000000
2.500000
6786.500000
915.000000
243.500000
399.000000
6545.000000
391.500000
8.500000
3910.000000
3369.000000
7.500000
14.500000
3923.000000
865.000000
6049.000000
10.500000
1485.500000
7779.500000
1883.000000
1819.000000
1788.500000
6270.000000
0.500000
234.500000
1077.500000
40.500000
218.000000
2297.000000
129.500000
121.500000
759.500000
630.000000
453.000000
852.000000
3597.000000
0.500000
1067.000000
183.500000
0.500000
3465.000000
14.500000
10.500000
27.500000
2215.000000
3621.000000
4382.500000
2261.500000
25.500000
0.500000
4230.000000
4515.500000
3462.000000
4770.000000
1664.000000
4595.000000
4606.500000
138.000000
50.000000
5272.000000
5209.000000
4543.500000
16.000000
2229.000000
4442.000000
54.500000
8.000000
395.500000
1684.000000
469.000000
718.500000
554.000000
379.000000
2203.500000
5237.500000
1274.000000
2232.000000
515.000000
924.500000
131.500000
1664.000000
50.000000
815.000000
1869.000000
2922.000000
0.500000
386.500000
129.500000
258.500000
3682.500000
1744.000000
1336.000000
2928.500000
0.500000
581.000000
163.500000
2018.500000
233.000000
2266.000000
335.500000
243.500000
1.500000
2249.500000
1.500000
6.000000
2589.500000
1404.000000
471.000000
4602.000000
3750.500000
0.500000
1516.000000
152.500000
719.000000
15.000000
131.000000
2125.000000
36494.000000
45478.000000
536.000000
5564.000000
21902.500000
2717.000000
16338.500000
50984.500000
3773.500000
8273.500000
183.500000
168.000000
500.000000
9867.500000
3461.500000
9114.000000
4206.000000
609.000000
561.500000
6315.500000
3855.500000
8455.500000
1005.500000
878.500000
22098.000000
1156.500000
6303.000000
5883.000000
317.500000
1123.500000
5655.500000
2718.000000
9.500000
287.000000
382.000000
16639.500000
373.000000
66.500000
6002.500000
310.500000
572.000000
2976.000000
4505.000000
14680.500000
54.500000
894.000000
73.500000
2895.500000
127.000000
154.000000
138.500000
13930.500000
12545.500000
31.500000
11669.500000
1014.500000
3.000000
1309.500000
6.000000
175.500000
310.500000
347.000000
40.000000
745.000000
21459.500000
233.500000
397.000000
68.500000
4499.500000
41.500000
658.000000
3168.000000
2575.500000
1847.000000
74.000000
1752.500000
75.500000
142.500000
1726.500000
16.000000
1124.000000
252.500000
309.000000
265.000000
1833.000000
1220.000000
0.500000
0.500000
50.500000
40.000000
79.000000
6500.000000
3083.500000
6280.000000
7742.500000
72.500000
4.500000
2411.500000
2244.000000
4681.500000
2359.500000
216.000000
121.000000
932.000000
17.000000
3187.500000
1053.000000
3442.500000
6374.000000
139.000000
3.000000
1060.500000
393.000000
235.000000
6.000000
941.500000
1176.000000
337.500000
7021.000000
858.500000
5274.500000
10.500000
10.000000
23.000000
1136.500000
5970.000000
1393.500000
15.500000
0.500000
352.000000
55.500000
284.000000
3709.500000
2408.000000
1951.000000
38.500000
34.500000
626.500000
563.500000
168.500000
1805.000000
19639.500000
1266.000000
229.500000
197.000000
3044.500000
1706.000000
361.000000
96.000000
4530.500000
47013.500000
216.500000
197.500000
1686.500000
1311.000000
1758.500000
5211.500000
654.000000
4648.500000
6167.500000
1240.000000
1055.500000
8254.000000
1033.000000
384.000000
4199.500000
5410.000000
26648.000000
12532.000000
10825.000000
252.000000
225.500000
2734.000000
665.500000
4831.500000
8623.000000
3293.000000
6438.500000
1309.500000
8467.000000
1344.000000
158.500000
251.000000
175.500000
916.500000
728.500000
1189.000000
0.500000
1555.500000
658.500000
0.500000
23.000000
5711.500000
30.500000
0.500000
125.500000
3987.500000
18.500000
55.500000
8.500000
2732.500000
2040.000000
585.000000
1243.000000
329.500000
1283.000000
149.500000
1447.500000
54.500000
1127.500000
0.500000
584.000000
147.000000
316.000000
1941.500000
1510.000000
1388.500000
102.500000
0.500000
417.000000
360.000000
963.500000
2193.500000
313.500000
4250.500000
316.500000
1.500000
279.500000
2864.500000
199.500000
2.000000
7.500000
2794.000000
2476.500000
685.500000
638.000000
5.000000
251.500000
9630.000000
445.500000
0.500000
3410.000000
3101.500000
22.500000
160.000000
2158.000000
680.500000
1123.500000
3793.500000
2026.500000
2.000000
3.000000
223.000000
4477.500000
32.000000
154.500000
294.000000
370.000000
1727.500000
2158.000000
850.000000
345.000000
7901.000000
4104.500000
25.500000
484.500000
1321.500000
48.500000
1802.000000
959.000000
87.000000
7485.500000
2781.000000
69.000000
21297.500000
1202.500000
1853.000000
12.500000
3599.000000
175.000000
804.500000
6.500000
1130.000000
2992.500000
8009.500000
8.500000
211.500000
321.500000
50.000000
907.500000
12286.500000
431.000000
84.500000
8424.000000
5878.000000
20013.500000
3460.000000
19672.000000
52.500000
670.500000
46.500000
2427.500000
97.500000
80.500000
11671.500000
141.000000
3565.500000
2782.500000
101.000000
8500.500000
6089.500000
26.500000
248.500000
857.500000
1021.000000
14.000000
1547.500000
3490.000000
9471.500000
13.000000
277.500000
70.000000
1132.000000
591.500000
14280.000000
323.000000
569.500000
10228.500000
4107.000000
51.500000
781.000000
76.500000
1799.500000
127.000000
13882.000000
156.500000
22222.500000
14930.500000
138.000000
9996.000000
40.500000
1462.000000
287.500000
2375.500000
2696.500000
26.000000
23.000000
721.500000
9648.000000
10104.000000
121.500000
151.500000
245.000000
231.000000
308.000000
255.500000
61.000000
2593.500000
1790.500000
1425.000000
6207.500000
2654.000000
23.500000
610.500000
11396.500000
30473.500000
860.500000
18567.500000
151.500000
13916.000000
95.500000
4534.000000
4206.000000
14379.000000
15698.000000
232.000000
269.000000
10797.000000
3081.000000
61.000000
527.000000
2182.500000
29964.000000
9325.500000
3286.000000
47.500000
617.500000
2054.000000
5220.500000
1202.500000
14789.000000
1550.000000
5205.000000
1824.500000
213.500000
7907.000000
344.500000
294.000000
326.500000
108.500000
2230.500000
2380.000000
2152.500000
31.500000
184.500000
2384.000000
1718.500000
27996.500000
150.500000
5589.000000
219.000000
451.000000
287.500000
14327.500000
95.000000
2166.000000
1198.500000
11547.000000
1068.000000
4227.000000
19223.000000
13813.500000
8.500000
7.500000
222.500000
308.500000
4983.500000
59.000000
14567.500000
284.000000
546.000000
635.500000
13723.000000
89.000000
1181.500000
1389.000000
2328.500000
69.500000
1067.500000
2102.000000
10113.000000
1484.000000
141.000000
2142.000000
31.000000
18110.000000
298.500000
631.500000
3150.000000
1.000000
914.000000
7654.500000
1.500000
105.000000
24.000000
6406.000000
599.500000
448.500000
287.000000
1855.000000
9729.000000
7540.500000
1671.000000
8507.500000
10160.000000
4050.500000
3311.500000
25.500000
2055.500000
896.000000
18.500000
11358.500000
2212.500000
40.500000
8770.500000
29.500000
75.500000
54.000000
9.000000
696.500000
136.500000
592.500000
445.500000
7091.000000
7978.000000
418.500000
2575.000000
0.500000
671.000000
6316.500000
0.500000
111.000000
71.500000
4124.000000
151.000000
14.000000
3347.500000
5387.500000
23559.000000
495.000000
351.000000
1491.000000
120.500000
247.000000
8271.000000
6476.000000
1372.000000
3412.500000
11.500000
1664.500000
673.500000
10.500000
26.000000
7623.000000
17.000000
44.500000
5893.500000
35.000000
5.500000
542.500000
13485.500000
104.500000
488.500000
431.000000
2714.500000
0.500000
721.000000
0.500000
111.000000
78.500000
169.000000
4374.500000
174.500000
14.500000
3505.500000
5904.500000
525.000000
380.000000
229.000000
1468.000000
283.000000
47.000000
7492.000000
1455.000000
7937.000000
7702.500000
14.500000
1842.000000
740.000000
687.000000
8931.500000
17.500000
1832.000000
35.000000
31.000000
59.500000
43.500000
5.500000
592.000000
119.500000
762.000000
9518.500000
10328.000000
637.500000
5053.000000
3724.500000
6.000000
28227.000000
6.000000
177.000000
280.500000
44.000000
675.000000
2791.500000
11516.500000
400.500000
452.500000
3182.000000
526.500000
5409.000000
10555.500000
32.000000
1080.500000
644.000000
50.500000
2643.500000
2412.000000
113.000000
97.000000
5104.000000
218.000000
928.000000
2469.500000
34.000000
542.500000
2612.500000
1332.500000
1663.000000
215.500000
9652.000000
23668.000000
181.500000
351.000000
44355.500000
4210.000000
538.500000
362.500000
18120.000000
97.000000
872.500000
3.000000
1293.000000
4.500000
182.500000
156.500000
282.000000
318.500000
867.500000
424.000000
29216.500000
227.000000
454.000000
86.500000
3998.000000
3394.000000
6186.000000
31.000000
2904.500000
40.000000
2942.500000
1641.500000
73.500000
12975.000000
2982.500000
84.000000
14497.000000
221.500000
893.500000
204.500000
1152.500000
14571.000000
10228.500000
1411.000000
0.500000
1804.500000
268.500000
0.500000
43.500000
43.000000
1.500000
163.000000
96.500000
29.500000
75.500000
3049.500000
2339.000000
693.500000
717.500000
1493.500000
400.000000
1496.000000
195.500000
1709.500000
72.000000
1364.000000
0.500000
701.500000
190.000000
381.000000
2196.000000
1752.500000
1617.500000
131.000000
0.500000
515.500000
445.000000
2530.000000
389.000000
4883.000000
609.500000
384.500000
3.000000
348.500000
244.000000
3.000000
10.500000
2763.500000
834.000000
8.500000
2468.000000
2564.500000
308.500000
0.500000
3839.500000
3513.500000
31.500000
206.500000
2525.000000
589.500000
1055.500000
7985.000000
8326.500000
476.000000
2332.500000
27127.500000
1.500000
1.500000
129.000000
112.500000
187.500000
23.500000
643.500000
2157.000000
289.000000
161.000000
54.000000
2031.000000
5484.000000
30261.000000
27578.500000
3134.500000
15.000000
856.500000
837.000000
26.500000
669.500000
1430.000000
1619.000000
56.500000
1876.500000
1345.500000
1021.000000
78.500000
2159.000000
13305.500000
164.000000
3915.000000
54.000000
728.000000
286.500000
1919.000000
361.500000
25784.000000
230.500000
7961.000000
384.500000
3282.500000
362.500000
9178.000000
1747.500000
2285.000000
1281.000000
0.500000
446.500000
0.500000
69.000000
11170.500000
8986.000000
97.500000
8.500000
2411.500000
15822.000000
983.500000
69.500000
162.000000
171.000000
913.500000
11384.000000
4001.500000
15041.000000
1482.000000
989.500000
12821.500000
355.000000
158.000000
2253.000000
7163.500000
6.000000
4663.500000
2706.000000
6542.500000
6.500000
867.500000
398.500000
578.000000
1987.000000
14.500000
996.500000
3917.000000
463.000000
14.500000
31.500000
11632.500000
3561.500000
1392.500000
25.500000
2336.500000
2.000000
399.000000
76.000000
367.500000
507.500000
3092.500000
3171.500000
2702.500000
0.500000
0.500000
97.500000
140.500000
138.500000
3156.500000
375.000000
1762.500000
222.500000
255.000000
65.500000
6006.500000
537.000000
248.000000
6476.500000
2653.000000
8.500000
852.500000
6822.500000
16081.000000
10182.500000
400.000000
1282.500000
546.500000
1309.500000
953.000000
8031.000000
661.000000
30.500000
43.500000
1913.500000
20577.500000
37.000000
3393.000000
4290.500000
4098.000000
4.500000
2713.000000
1369.500000
1894.500000
6.500000
10.000000
8339.000000
67.500000
24398.000000
650.000000
337.500000
3050.500000
766.500000
66.000000
52.500000
3115.500000
22508.500000
20479.500000
104.500000
3347.000000
80.500000
177.500000
131.500000
29.500000
1521.500000
4175.500000
3730.500000
38411.000000
160.000000
1120.000000
444.500000
23972.000000
2196.000000
2681.500000
836.500000
8926.500000
20187.500000
496.000000
5618.500000
13683.500000
15054.500000
4870.500000
295.500000
776.500000
3445.000000
8.000000
1059.000000
8.500000
253.500000
271.000000
41.500000
390.000000
1894.500000
228.500000
361.500000
468.500000
2712.500000
23408.000000
1772.000000
6953.000000
22056.500000
41.000000
2518.500000
549.500000
55.500000
1904.500000
2406.500000
6601.500000
2029.000000
93.500000
91.000000
118.500000
115.500000
4379.500000
18766.500000
9024.000000
7388.500000
27562.500000
5261.000000
22.000000
878.000000
228.500000
989.000000
2.000000
183.500000
163.500000
268.000000
34.500000
416.000000
13672.000000
72.500000
9883.500000
24160.500000
1189.000000
440.500000
9007.000000
28.000000
38.500000
2326.000000
4202.000000
1616.000000
62.500000
60.500000
115.000000
2775.000000
94.000000
15582.500000
18834.000000
13.500000
1040.500000
218.500000
865.500000
1470.000000
6924.500000
6121.000000
8.500000
13005.500000
344.000000
251.000000
74.500000
1431.500000
1048.000000
22151.500000
15954.000000
142.000000
12258.000000
4092.000000
63.500000
129.500000
14172.500000
104.000000
238.000000
34.000000
362.000000
4497.000000
3132.000000
1742.500000
2784.500000
10062.500000
943.000000
798.000000
8481.000000
281.000000
1832.000000
5213.500000
3500.500000
163.000000
2051.000000
33285.500000
3991.500000
1238.500000
9203.500000
348.500000
307.000000
446.500000
913.000000
1998.500000
0.500000
2441.000000
0.500000
43.500000
72.000000
78.500000
6.000000
2595.500000
1269.500000
160.500000
50.500000
33.000000
3942.500000
3134.500000
1027.000000
563.500000
2014.500000
263.500000
2346.500000
121.000000
1828.500000
3.000000
253.000000
524.000000
2891.000000
2287.000000
2097.000000
214.500000
763.000000
656.500000
10132.000000
3348.500000
5679.000000
874.000000
10.000000
911.500000
502.500000
350.500000
13.000000
29.500000
3570.500000
24.500000
459.500000
692.000000
3283.000000
385.000000
56.000000
1330.500000
2894.500000
7.500000
9009.000000
3905.000000
10.500000
309.000000
231.500000
69.500000
546.500000
4390.500000
13787.000000
66.500000
55.000000
15247.500000
108.500000
2268.000000
1842.500000
81.500000
40932.000000
132.500000
31.500000
11606.500000
16901.000000
323.500000
5017.000000
6705.000000
484.000000
1714.500000
3248.500000
47241.500000
503.000000
1139.500000
259.000000
3455.000000
8698.500000
74.000000
738.000000
2358.000000
1829.000000
7301.500000
3029.000000
457.000000
461.500000
8461.500000
39270.000000
1055.000000
1122.500000
2733.500000
0.500000
0.500000
106.000000
166.500000
21.500000
3989.500000
5270.500000
581.000000
439.500000
288.000000
59.000000
3857.000000
2322.000000
1678.000000
290.000000
9069.500000
11.500000
1241.500000
4305.000000
16.000000
735.500000
1114.500000
1020.000000
34.000000
31.000000
59.500000
3852.500000
1059.500000
3612.000000
20522.000000
784.000000
1544.000000
4251.000000
6.000000
6.000000
233.500000
196.500000
331.000000
309.000000
20863.500000
480.000000
262.500000
543.500000
2571.000000
10454.000000
34.000000
3060.000000
1310.000000
9419.000000
7242.500000
1789.000000
79.000000
82.500000
120.500000
24740.000000
99.000000
22.500000
19438.000000
236.000000
10832.500000
10694.500000
9476.000000
3615.000000
81343.000000
10888.500000
10756.000000
415.500000
249.000000
7726.500000
1275.500000
0.500000
340.000000
0.500000
43.000000
2848.500000
63.000000
2055.500000
68.000000
3.000000
9083.500000
266.000000
192.000000
43.500000
115.500000
121.000000
2833.500000
6227.000000
9406.000000
3829.000000
1064.000000
546.000000
2028.500000
8071.500000
274.500000
2162.000000
113.000000
3492.000000
4110.500000
4008.000000
2.000000
816.500000
2333.500000
171.500000
3.000000
894.000000
634.000000
489.500000
6372.000000
1550.000000
12288.500000
10.000000
9433.000000
340.000000
7.500000
17.500000
11879.000000
4083.500000
955.500000
3175.000000
5465.000000
13.000000
1959.500000
1976.000000
0.500000
286.000000
42.000000
233.000000
10636.500000
10945.000000
54066.500000
1071.500000
3323.500000
2534.000000
4166.500000
1656.500000
1.500000
947.500000
2.000000
139.500000
124.000000
28.500000
682.000000
2198.000000
140.000000
312.000000
327.000000
11950.500000
755.500000
15.000000
23.500000
3004.500000
719.500000
3247.000000
1832.500000
1321.000000
7239.500000
45.500000
78.000000
12253.500000
59.500000
4457.500000
5360.000000
21829.500000
10.000000
734.500000
1745.500000
878.500000
20269.500000
15811.500000
4386.000000
10.000000
10.000000
263.000000
388.500000
58.000000
1283.000000
524.500000
15896.000000
2582.000000
357.500000
15668.500000
98.000000
11974.500000
1641.000000
61.000000
970.000000
82.500000
2967.000000
944.000000
9807.000000
28997.500000
132.500000
196.500000
19796.000000
150.000000
30.000000
4787.500000
28319.500000
14837.500000
6256.500000
248.000000
192.500000
689.500000
31059.500000
14679.500000
39394.000000
1457.000000
387.000000
478.000000
2252.500000
1994.500000
0.500000
2400.000000
1278.000000
0.500000
73.500000
74.500000
4.500000
49.500000
121.000000
159.500000
33.000000
3833.000000
3110.500000
910.500000
1055.000000
588.500000
2021.000000
291.000000
2343.000000
120.500000
1857.000000
2.500000
268.500000
559.500000
2882.000000
2302.500000
2138.500000
198.500000
3.000000
777.500000
673.500000
3259.500000
573.500000
8.500000
515.000000
4500.500000
359.500000
8.500000
26.000000
3578.500000
445.500000
0.500000
4981.500000
4648.000000
56.000000
3486.500000
2209.500000
16.000000
4832.000000
14.500000
554.000000
102.000000
1885.000000
4127.000000
823.500000
930.500000
266.000000
3726.500000
113.500000
2027.500000
115.500000
2900.500000
182.000000
48.500000
15067.500000
3026.000000
10088.000000
1947.500000
1397.000000
768.000000
1529.000000
4999.500000
4503.500000
3016.000000
1487.000000
349.500000
42065.000000
548.500000
6849.000000
391.500000
128.000000
743.500000
10869.000000
522.500000
12602.500000
2263.000000
2528.500000
2056.000000
0.500000
2483.500000
1392.000000
0.500000
79.000000
82.000000
4.500000
55.000000
24.500000
3915.500000
3257.500000
1133.500000
7174.000000
637.000000
2090.000000
304.000000
2429.500000
131.500000
1940.500000
3.000000
1116.000000
292.000000
582.000000
2958.000000
2399.500000
2228.500000
216.500000
3.000000
860.000000
702.500000
418.000000
3286.500000
9.500000
558.500000
379.000000
10.000000
1369.500000
4313.000000
3658.000000
503.000000
5076.000000
2187.500000
60.000000
326.000000
3284.500000
41.500000
53.500000
589.500000
37114.500000
225.000000
6667.500000
1953.500000
226.000000
2024.500000
172.500000
23592.500000
44039.000000
283.500000
5709.500000
1641.000000
2196.000000
8.000000
8.500000
253.000000
40044.500000
229.500000
368.000000
16557.500000
54.500000
1237.000000
568.000000
572.000000
18724.500000
74.000000
3029.500000
2783.000000
688.500000
56.000000
29285.500000
112.500000
114.500000
180.500000
135.000000
25.000000
305.500000
1107.000000
8804.000000
2418.000000
44.000000
563.500000
753.500000
8772.000000
171.000000
24552.500000
42032.000000
2131.000000
535.500000
1114.500000
1284.000000
2197.500000
15440.000000
129.500000
184.000000
5040.500000
5968.500000
3150.000000
16835.500000
343.500000
110.000000
635.500000
1388.500000
760.000000
6386.500000
4403.500000
7.500000
1407.500000
5.000000
214.000000
292.000000
340.500000
48.500000
2808.500000
251.000000
511.500000
77.000000
2156.000000
16668.500000
8051.000000
16994.500000
3895.000000
34.000000
3006.500000
990.000000
750.500000
58.500000
889.500000
2037.500000
114.500000
112.500000
2551.500000
8048.500000
1960.000000
2616.000000
8721.500000
21453.500000
16895.500000
7052.500000
18.500000
30.500000
22005.000000
1012.000000
15799.000000
169.500000
3695.000000
18786.500000
10425.000000
113.000000
105.000000
5024.000000
4369.000000
170.500000
4411.500000
3377.500000
66.500000
27039.000000
2003.000000
9543.000000
6868.500000
8.500000
10.500000
261.500000
433.500000
1491.500000
364.500000
131.500000
3235.500000
801.000000
58.500000
3463.500000
127.000000
115.000000
178.000000
3899.000000
142.000000
2479.000000
32.000000
35900.000000
9222.500000
60079.000000
1209.500000
803.500000
38561.500000
7707.000000
667.000000
360.500000
1874.500000
40901.000000
46365.500000
1878.000000
3254.000000
42.500000
59.500000
225.000000
6433.500000
5780.000000
289.000000
2060.000000
183.000000
9057.000000
6054.500000
22656.000000
282.500000
651.000000
2850.000000
6622.500000
1534.000000
18933.000000
1642.000000
22965.500000
3345.500000
7004.500000
84.000000
250.500000
1680.500000
1022.500000
268.000000
11310.000000
3243.500000
1961.500000
3075.000000
326.500000
5202.500000
18514.500000
5544.000000
29760.000000
13384.000000
11029.500000
166.500000
7756.000000
6722.000000
629.500000
464.000000
4675.500000
1902.500000
12418.000000
12391.500000
384.000000
10061.500000
1913.000000
1035.500000
4845.500000
0.500000
322.000000
0.500000
40.500000
31.000000
2827.500000
54.500000
11211.000000
6279.500000
62.500000
2.500000
1999.500000
113.500000
8830.500000
7504.500000
39.000000
8585.500000
96.500000
120.500000
804.000000
1158.000000
547.000000
12348.000000
271.000000
104.500000
3621.000000
1.500000
587.500000
4174.500000
164.500000
1.500000
13917.500000
293.500000
477.000000
727.500000
1524.000000
6.500000
706.000000
443.500000
312.000000
6.000000
6079.500000
15.000000
1085.500000
13.000000
2487.500000
14306.500000
390.000000
6396.500000
7679.000000
662.500000
0.500000
41.500000
250.500000
7042.000000
451.500000
42881.500000
1665.500000
24046.000000
33637.000000
2006.500000
5381.500000
28254.500000
9421.500000
46229.000000
29687.000000
2157.500000
3461.500000
6142.000000
196.500000
1477.500000
1141.500000
21199.000000
559.000000
3663.000000
7560.000000
5918.000000
597.000000
5556.000000
17606.000000
8919.500000
1116.500000
6160.000000
14766.000000
902.000000
11209.000000
381.500000
1453.500000
6411.000000
30763.500000
327.000000
5103.500000
678.000000
18747.500000
8178.500000
70068.500000
2817.500000
46167.500000
4310.000000
21342.000000
1290.000000
4318.500000
115.500000
1015.500000
2367.000000
1550.000000
385.000000
3155.500000
453.500000
3232.000000
733.000000
1566.500000
6599.000000
3121.500000
1480.000000
5950.000000
13940.500000
9881.500000
1377.000000
9167.000000
12170.000000
32673.000000
2007.000000
10917.500000
10576.500000
10916.000000
10818.500000
10805.500000
10856.500000
7164.500000
516.500000
3263.000000
15643.000000
2338.000000
1274.500000
10015.000000
6831.500000
1500.500000
819.500000
1993.000000
5352.000000
4.500000
7.500000
224.500000
182.500000
50.000000
2872.000000
2672.000000
237.500000
412.000000
510.500000
42.500000
48.000000
2568.000000
2914.000000
82.500000
30483.500000
1736.000000
31608.000000
3069.500000
6300.500000
16628.000000
1937.000000
23.000000
1158.500000
251.500000
963.500000
8319.500000
673.000000
12718.000000
1626.000000
10853.000000
50761.000000
10537.000000
727.000000
3426.000000
8.500000
9.500000
255.500000
209.000000
8595.500000
378.000000
1059.500000
680.000000
462.000000
561.000000
696.500000
62.000000
956.500000
10720.500000
2130.500000
82.500000
172.500000
3932.500000
114.000000
5985.500000
6843.500000
32.000000
1197.000000
264.500000
996.000000
11061.000000
4.000000
1284.500000
6.000000
218.500000
291.500000
13741.500000
5129.000000
6253.500000
454.000000
444.000000
11134.500000
9877.500000
5050.500000
32.000000
2411.500000
33.500000
2369.000000
1094.000000
1731.000000
76.500000
2525.000000
60.000000
118.000000
97.000000
6800.500000
12000.000000
21810.000000
15490.500000
18.500000
977.000000
32511.500000
32481.000000
6654.000000
9813.500000
292.000000
3381.500000
37490.500000
46255.000000
825.000000
36242.500000
25737.500000
34766.500000
1823.500000
6661.000000
14682.500000
41.000000
463.000000
197.000000
7903.500000
2070.500000
1488.000000
1072.000000
708.000000
1334.000000
1267.500000
222.000000
5065.500000
378.500000
3689.500000
251.000000
464.500000
6204.500000
18984.000000
307.000000
7933.500000
683.000000
16092.500000
1395.000000
26.500000
493.000000
749.000000
123.000000
9084.500000
904.000000
584.500000
1156.000000
178.000000
2740.500000
11948.000000
1673.500000
219.000000
13069.500000
12019.500000
252.500000
66.500000
2087.500000
46635.500000
1239.000000
55031.000000
8481.500000
28919.500000
9704.500000
650.500000
2109.500000
20330.000000
6749.000000
24826.500000
7356.500000
40487.000000
16108.000000
22477.000000
35726.000000
470.500000
2323.000000
0.500000
0.500000
96.500000
75.500000
28563.500000
127.500000
12.500000
4347.500000
461.000000
347.500000
232.500000
230.000000
41.500000
1674.500000
1961.500000
1398.000000
231.000000
12362.500000
2833.500000
8.000000
3713.500000
10.500000
2020.000000
906.500000
801.000000
25.000000
10738.000000
20.000000
41.500000
3278.500000
2529.000000
2059.500000
40.000000
829.000000
7617.500000
3149.500000
515.000000
2464.500000
0.500000
0.500000
88.000000
6337.500000
149.500000
15.000000
4686.500000
525.000000
391.500000
2216.000000
259.500000
253.500000
47.500000
1739.500000
2114.000000
1509.500000
13893.000000
10177.500000
253.000000
10.000000
3886.500000
14.500000
654.500000
985.500000
914.000000
31.000000
20864.000000
30.000000
50.500000
6524.500000
3501.000000
47.500000
914.000000
3328.500000
625.500000
2832.500000
0.500000
1.000000
130.500000
105.000000
222.500000
18474.500000
182.500000
5312.500000
591.500000
450.000000
11130.500000
164.000000
291.000000
59.000000
2409.500000
1744.000000
291.000000
12.500000
4295.500000
15.000000
10489.000000
1161.000000
1056.000000
33.000000
31.500000
60.000000
3914.500000
59.000000
1018.000000
3700.500000
710.500000
16710.500000
3296.500000
1918.500000
1.500000
1034.500000
2808.500000
2.500000
131.500000
229.500000
18942.000000
250.500000
2615.000000
321.000000
68.500000
1945.000000
3139.500000
2998.000000
10116.000000
896.500000
27945.000000
24.500000
1906.500000
1991.500000
47.500000
1454.000000
43.500000
12860.500000
71.500000
8832.000000
1662.000000
11.500000
10476.000000
8236.000000
1578.500000
8409.000000
3505.000000
14.000000
548.500000
32694.500000
4538.000000
171.000000
3850.000000
29156.000000
4114.500000
79.000000
1730.500000
3754.500000
182.000000
12409.500000
244.000000
198.500000
3706.500000
46.000000
39617.000000
2054.500000
8153.500000
8952.500000
74.500000
1214.500000
1191.000000
238.000000
865.000000
45378.500000
18950.000000
280.500000
274.500000
6372.000000
464.500000
4054.000000
37961.000000
9296.500000
5560.500000
150.500000
2810.000000
98.500000
7818.500000
81.500000
948.000000
310.500000
1297.000000
2134.000000
728.500000
4379.000000
24784.500000
187.000000
1330.500000
1300.500000
27081.000000
6468.000000
2966.000000
5411.500000
26.500000
394.500000
15047.500000
773.000000
275.500000
7723.000000
15779.000000
1784.500000
868.500000
14565.000000
116.000000
15036.000000
181.500000
249.500000
7173.000000
216.500000
8154.500000
3190.500000
14877.000000
18693.000000
18492.500000
445.000000
1536.500000
549.000000
1963.000000
5675.000000
7978.500000
1.500000
737.500000
1.500000
126.000000
185.500000
14963.000000
21.500000
3510.500000
10131.000000
2037.000000
1574.000000
140.000000
271.000000
15569.000000
5753.000000
1652.500000
22131.000000
651.000000
281.000000
3372.000000
15.000000
4024.000000
9499.000000
17.500000
1482.500000
654.500000
1001.500000
35.000000
1670.000000
65.500000
15704.500000
5138.000000
7674.500000
54.000000
3519.000000
8.500000
674.000000
148.500000
1713.000000
3479.500000
36.500000
481.000000
8340.000000
913.500000
25584.000000
1626.500000
617.500000
214.000000
4254.500000
5111.000000
15603.500000
2473.000000
191.500000
4532.500000
20591.000000
12520.000000
280.000000
6362.500000
2052.000000
3256.000000
13659.000000
445.500000
2569.500000
453.500000
15138.000000
33772.500000
3365.500000
1079.500000
8895.500000
17123.500000
4394.000000
3150.000000
179.500000
154.000000
571.500000
40826.500000
22352.500000
788.500000
10864.000000
21583.000000
1000.500000
7498.000000
316.500000
6401.000000
418.500000
2312.000000
12327.000000
1506.000000
8476.500000
35.000000
38.000000
444.500000
152.000000
21942.500000
1143.000000
177.500000
18697.000000
4370.000000
1656.500000
13240.000000
7135.000000
308.500000
3259.000000
241.500000
5023.000000
293.500000
93.000000
19287.500000
924.500000
5004.000000
28.000000
2032.500000
26.500000
601.500000
115.000000
11044.500000
1136.000000
3728.000000
700.500000
3042.000000
873.000000
793.500000
3984.500000
5031.500000
129.000000
147.000000
3452.500000
194.500000
299.000000
218.500000
3502.500000
24121.500000
61.000000
1546.500000
1522.000000
4513.000000
229.500000
2741.500000
1489.000000
5014.500000
11919.000000
10179.000000
9290.500000
62256.000000
55454.500000
4480.500000
264.000000
20166.000000
4832.000000
4547.500000
25215.000000
1738.000000
451.000000
3830.500000
1726.500000
2825.000000
3188.000000
576.500000
54113.500000
14566.000000
3956.000000
26583.500000
29124.000000
12990.500000
4811.500000
3698.000000
15433.000000
162.000000
35031.500000
631.000000
1849.000000
3259.000000
10360.500000
13851.000000
8014.000000
29654.000000
24743.000000
36840.500000
63990.000000
13639.500000
21001.000000
5950.500000
0.500000
1.500000
128.500000
110.500000
5555.000000
9141.000000
9499.500000
3652.500000
21.500000
3577.500000
11650.000000
484.000000
289.000000
22098.000000
72.500000
1670.500000
4693.500000
1710.500000
3489.500000
13.500000
1620.500000
15.000000
692.000000
5471.000000
6918.000000
34.000000
883.500000
31.000000
59.500000
2159.500000
47.000000
4324.000000
4943.000000
11412.500000
8.000000
8726.000000
132.500000
68228.500000
15155.500000
35142.000000
22358.000000
5630.000000
6726.000000
19.000000
19.000000
516.000000
96.000000
6641.000000
6960.500000
3385.500000
888.000000
1001.500000
159.500000
18333.000000
2018.000000
97.500000
120.000000
1332.500000
5973.000000
11672.000000
252.000000
8239.500000
221.500000
48.500000
492.000000
4372.000000
6512.000000
5253.500000
25.000000
23.000000
357.000000
327.500000
462.000000
17135.500000
32371.500000
7526.000000
19742.500000
103.000000
1443.000000
3308.500000
344.000000
633.500000
73.500000
1660.000000
859.500000
105.000000
2624.000000
2134.000000
239.500000
231.000000
2054.000000
8035.000000
63.000000
9460.000000
11956.500000
28554.000000
346.500000
3221.500000
2317.000000
3500.000000
12873.500000
22120.500000
1275.500000
11249.000000
6743.000000
1756.000000
2115.000000
11936.500000
9024.000000
612.500000
13676.500000
201.000000
1710.000000
723.000000
15207.500000
10372.500000
11213.000000
19758.000000
4035.500000
7523.500000
7968.500000
5106.500000
12247.500000
13414.500000
97.500000
4567.500000
1445.000000
2909.500000
328.500000
59542.000000
536.500000
799.500000
14981.000000
11423.000000
8439.000000
148.000000
52417.500000
1544.500000
5011.000000
2489.500000
472.500000
6529.000000
7372.500000
5477.000000
10510.000000
37613.000000
339.000000
3142.500000
1.500000
2.000000
141.000000
126.500000
219.000000
29.500000
546.000000
326.000000
11872.500000
112.000000
11628.000000
20570.000000
923.500000
7605.500000
3487.000000
16.000000
27.500000
1852.500000
3461.000000
1282.500000
44.000000
982.500000
41.500000
76.000000
2395.500000
59.500000
5166.500000
1324.500000
8179.500000
13021.000000
15932.000000
9.500000
153.000000
666.500000
34956.500000
908.000000
15973.500000
22186.000000
3111.000000
7376.500000
10319.000000
1.500000
161.500000
119.000000
225.000000
4782.000000
233.500000
27.000000
713.500000
154.000000
287.000000
364.000000
8117.500000
29051.000000
2936.000000
1712.500000
17.500000
1705.500000
485.500000
19.000000
8952.500000
1295.500000
40.500000
1271.000000
33.000000
1612.000000
11.500000
847.500000
168.500000
688.500000
11275.500000
13844.500000
20803.500000
19467.000000
15486.000000
26.000000
25.500000
380.500000
21579.500000
8652.000000
115.000000
895.500000
477.500000
15210.000000
112.500000
4981.500000
1006.500000
87.500000
1958.500000
8918.000000
8397.000000
130.000000
27030.500000
2713.000000
287.000000
4000.500000
27060.000000
4128.500000
268.500000
29207.500000
56.500000
22514.000000
608.500000
233.000000
18517.000000
711.000000
6430.000000
5960.500000
2489.000000
219.000000
13241.500000
9646.500000
11342.000000
4254.000000
6359.500000
351.000000
12262.000000
9246.000000
12340.000000
3763.000000
138.500000
30884.500000
15053.000000
39158.000000
29793.000000
848.000000
6821.000000
10805.000000
39370.500000
21176.500000
44976.500000
5646.000000
12680.500000
41495.500000
3707.500000
50129.500000
1010.000000
24743.500000
5126.000000
23915.000000
2.500000
2413.000000
2.500000
151.000000
121.000000
205.500000
6998.000000
5964.500000
691.500000
523.000000
327.000000
10096.000000
157.500000
320.500000
1773.500000
11793.500000
8368.500000
664.000000
3770.500000
20.000000
792.500000
1428.000000
10067.500000
2155.500000
669.000000
5375.000000
2952.500000
1157.500000
56.000000
2038.000000
2395.500000
1105.000000
6756.500000
3043.500000
1431.000000
14.500000
170.500000
12473.000000
9259.000000
23.000000
24.000000
562.000000
391.000000
825.000000
4337.500000
131.000000
2302.000000
126.000000
240.500000
190.500000
285.500000
3902.500000
2574.500000
14722.500000
824.500000
1719.000000
279.500000
19533.500000
213.500000
5984.000000
250.500000
6384.500000
388.000000
19232.000000
438.000000
27944.500000
4789.000000
38981.000000
4404.000000
97.000000
6986.000000
73.000000
1398.500000
1586.000000
304.500000
25772.500000
289.000000
7488.500000
2590.500000
21406.500000
4262.500000
584.000000
7030.500000
189.000000
2779.000000
3098.000000
2476.500000
0.500000
2880.000000
0.500000
71.000000
118.500000
10.000000
223.500000
80.000000
14884.500000
54.500000
4451.500000
3592.000000
1398.000000
814.500000
2439.500000
400.000000
2872.500000
184.500000
2311.500000
6416.000000
7.000000
379.500000
745.000000
3335.500000
2760.000000
2616.500000
288.000000
8.000000
921.000000
3795.000000
15.000000
723.000000
502.000000
15.000000
4121.000000
650.000000
3.500000
5697.000000
82.500000
430.500000
4052.000000
38548.000000
501.000000
2972.500000
18231.500000
19463.500000
7519.500000
2166.000000
3557.500000
5015.000000
28754.500000
7314.000000
38489.000000
588.500000
27095.000000
28720.000000
411.500000
5429.500000
3561.500000
42051.500000
26453.000000
3116.000000
7651.000000
1.500000
2.000000
131.500000
213.000000
4658.000000
5520.000000
708.500000
552.500000
352.000000
71.000000
2624.000000
1930.500000
346.500000
17.500000
4563.500000
23.500000
2291.000000
11148.000000
1337.000000
1206.000000
43.500000
43.000000
75.500000
4188.500000
1204.000000
3995.500000
13.000000
8458.500000
3224.000000
3.000000
3.000000
196.000000
154.000000
240.500000
5781.000000
768.000000
636.000000
2442.000000
377.500000
2788.000000
2085.000000
378.000000
16580.000000
23.500000
4862.500000
32.000000
3999.500000
1428.500000
1288.000000
56.000000
55.500000
91.500000
4356.500000
1279.000000
4113.000000
2053.000000
18.000000
3124.000000
7527.000000
24933.500000
2.000000
1275.000000
2.000000
135.000000
274.000000
13019.000000
227.000000
5605.000000
731.500000
581.500000
353.500000
2753.000000
1990.500000
351.000000
4023.000000
21.500000
4663.500000
27.500000
968.500000
1336.000000
1241.000000
50.500000
43.000000
82.000000
4239.500000
1240.500000
4035.500000
9411.000000
3825.500000
165.500000
1322.000000
1044.500000
1647.500000
1989.000000
2466.000000
5412.000000
12939.000000
570.000000
3657.500000
507.500000
5011.000000
912.000000
4311.500000
819.500000
32881.500000
3558.500000
1423.000000
11670.500000
80.000000
3968.000000
1210.000000
30458.500000
356.500000
1041.000000
1767.000000
7162.500000
301.500000
5444.000000
617.000000
6343.000000
196.500000
1311.500000
13825.500000
186.500000
113.500000
2000.500000
13080.000000
29475.500000
3171.500000
446.500000
1627.000000
7989.000000
7904.000000
1227.000000
13229.500000
5216.000000
8636.500000
23607.000000
3478.000000
170.000000
4034.000000
115.500000
8453.500000
24970.000000
401.000000
9753.500000
2939.500000
21879.000000
19345.000000
638.500000
5502.000000
7473.000000
11365.500000
11964.500000
450.000000
1407.500000
5257.500000
1042.500000
13128.500000
12419.000000
10584.000000
60.000000
56.000000
856.000000
1219.500000
233.000000
5833.500000
239.000000
271.000000
6347.500000
2328.000000
4655.500000
4975.000000
124.000000
16563.500000
3167.000000
50340.000000
50936.000000
28800.500000
7529.500000
68.000000
3546.000000
71.500000
924.000000
1283.000000
2356.500000
868.500000
1908.000000
30710.500000
2109.500000
23955.000000
4263.000000
692.000000
937.000000
2939.000000
4892.000000
10.000000
11206.000000
13.500000
277.000000
501.500000
87.000000
4217.500000
830.000000
84.500000
1151.500000
4463.000000
16571.000000
131.000000
2213.000000
117.500000
156.500000
40.500000
1678.500000
355.000000
6949.000000
27.500000
31.500000
1015.000000
940.500000
1206.000000
244.000000
4731.000000
8658.000000
2131.000000
148.500000
230.000000
453.000000
313.000000
78.000000
732.500000
31497.000000
3181.000000
28005.000000
3462.000000
25007.500000
4048.500000
1123.000000
4.500000
174.000000
254.500000
269.000000
42.500000
797.500000
635.000000
2645.000000
2190.000000
210.000000
422.000000
149.000000
2175.500000
3138.500000
12853.000000
5259.500000
445.000000
4537.500000
8553.000000
32.500000
2441.500000
938.000000
51.000000
1122.500000
121.500000
9506.500000
4352.500000
8565.500000
1440.000000
5601.000000
29614.500000
18883.500000
24.000000
225.000000
10941.000000
189.000000
171.000000
1395.000000
1948.000000
520.000000
3640.500000
2982.500000
7519.500000
2307.000000
1470.500000
2933.500000
640.000000
2915.500000
570.000000
6858.500000
9378.500000
940.000000
12484.000000
15239.500000
348.000000
2510.500000
867.000000
26458.000000
2569.500000
14080.000000
18921.500000
1118.000000
9734.000000
49861.500000
21504.000000
588.500000
6442.000000
2777.500000
7287.000000
4117.500000
6818.500000
102.500000
59.000000
874.500000
1061.500000
1022.500000
250.500000
6832.000000
1328.500000
912.000000
5487.000000
5572.000000
274.500000
450.000000
2502.000000
393.500000
464.500000
649.500000
528.000000
8645.000000
21245.000000
18436.500000
169.000000
13198.000000
5638.000000
47187.500000
34935.000000
4854.500000
4872.500000
25511.000000
107.500000
84.000000
1082.500000
1712.500000
346.500000
2254.000000
339.500000
25090.000000
6949.000000
17315.000000
190.000000
4461.500000
5705.000000
8001.500000
122.500000
1985.000000
1422.500000
2613.500000
2818.500000
2556.500000
21078.500000
6625.000000
6931.000000
911.500000
5197.500000
110.500000
1209.000000
28452.000000
36477.500000
8152.000000
407.000000
17642.000000
41729.500000
356.500000
7213.500000
1007.500000
35395.000000
5499.500000
245.000000
1606.000000
7371.500000
219.000000
2135.500000
2866.000000
683.000000
1213.000000
56439.500000
4613.000000
16662.000000
12816.500000
64164.000000
21919.000000
24087.000000
9144.500000
317.500000
1011.500000
45692.000000
6164.500000
13315.500000
26135.000000
10220.000000
5993.500000
17813.500000
62407.000000
10751.000000
18300.500000
749.500000
16486.000000
3185.000000
30898.500000
20188.000000
13681.000000
54289.000000
10794.000000
2892.500000
36170.000000
21056.000000
14123.500000
955.500000
51131.500000
14514.500000
22181.500000
8272.000000
22503.500000
32837.000000
7392.500000
14467.500000
4395.500000
8857.000000
28.000000
2835.500000
1329.500000
24455.000000
643.000000
1134.000000
1449.000000
243.000000
133.000000
278.000000
224.000000
5292.000000
22322.000000
84.000000
8214.000000
2223.500000
25726.500000
14032.500000
8344.000000
36751.000000
5180.000000
32723.500000
1567.500000
35297.500000
13223.500000
11316.500000
4565.000000
80.000000
36751.000000
315.000000
401.000000
6556.000000
14507.000000
11162.500000
530.500000
34979.500000
183.500000
21971.000000
3525.500000
8898.500000
47.500000
3190.500000
48.500000
32044.500000
11882.000000
213.000000
34269.500000
1394.500000
290.500000
5052.000000
2064.500000
316.500000
28483.000000
19061.500000
383.500000
115.500000
18623.000000
17540.000000
158.500000
29770.000000
3241.000000
3894.500000
505.000000
874.500000
17350.500000
280.000000
245.000000
2549.000000
4345.000000
19056.000000
578.500000
25078.000000
505.000000
13299.000000
47676.000000
942.500000
44783.500000
4291.500000
26278.000000
15660.000000
25.000000
2868.000000
34.500000
471.500000
648.500000
1143.000000
1430.000000
249.500000
134.500000
292.500000
225.500000
5488.000000
7917.000000
22771.000000
80.000000
44613.000000
325.000000
2308.500000
1775.000000
913.000000
4230.500000
2394.500000
11299.500000
6062.000000
1906.000000
2110.500000
12228.500000
1493.500000
22465.500000
2197.500000
36502.000000
752.500000
581.000000
61564.000000
4684.500000
7506.000000
26752.000000
3207.500000
18491.000000
24263.000000
49.000000
245.000000
1478.500000
535.500000
20468.500000
3393.500000
2137.500000
366.000000
6780.500000
4279.000000
363.500000
5127.000000
667.000000
1953.500000
11674.000000
2978.500000
4737.500000
16619.500000
17442.000000
69.500000
62.500000
589.500000
221.000000
6672.500000
16193.000000
14721.000000
14660.500000
13189.000000
20514.000000
17719.000000
3512.500000
17919.000000
3409.500000
17486.500000
18498.500000
6230.000000
12832.500000
20272.000000
13389.500000
12242.500000
5311.500000
2501.000000
243.500000
6025.000000
333.500000
407.000000
360.000000
7889.000000
135.000000
9362.500000
2332.500000
1461.500000
1442.000000
1239.500000
9501.000000
886.000000
631.000000
4665.000000
9251.000000
50357.500000
1445.500000
15.000000
502.500000
123.500000
1550.000000
1019.500000
131.500000
2658.000000
1281.000000
104.000000
4535.500000
2900.500000
158.000000
321.000000
228.000000
3271.500000
59.500000
513.000000
1424.000000
1452.500000
23937.500000
1056.500000
708.500000
27366.000000
22234.000000
586.000000
4526.000000
3367.500000
15502.500000
2979.500000
1053.500000
11270.000000
1390.000000
2.000000
2.500000
150.500000
208.000000
14659.500000
30.000000
3868.000000
149.500000
303.000000
351.500000
59.500000
1651.500000
10646.000000
1987.500000
5324.000000
1378.500000
619.500000
6047.000000
283.500000
6515.500000
26.500000
2065.500000
683.500000
1499.000000
4697.000000
30.000000
1587.000000
1194.000000
48.000000
1700.000000
9780.500000
865.000000
2287.500000
2151.000000
17338.500000
12.500000
6286.500000
733.000000
681.500000
441.000000
359.000000
9688.500000
2810.500000
30050.500000
40915.500000
757.500000
1122.000000
3363.000000
15.000000
17.000000
358.500000
320.500000
19436.500000
21497.000000
96.500000
1770.500000
151.000000
8534.000000
15206.500000
3194.000000
882.500000
82.000000
1139.500000
1546.000000
185.000000
256.000000
3988.000000
10964.500000
53.500000
1883.000000
427.000000
1286.500000
8420.000000
983.500000
666.500000
12533.500000
16.000000
22.000000
592.000000
8652.000000
444.500000
780.500000
5500.000000
15142.500000
2087.000000
10989.500000
115.000000
3830.000000
179.000000
178.500000
5092.000000
6472.000000
3294.000000
56.000000
14054.000000
1868.000000
2.500000
6.000000
232.000000
169.500000
350.500000
41347.500000
38153.000000
371.000000
42.500000
251.000000
449.500000
78.500000
38.500000
1509.500000
709.500000
32.500000
1907.500000
87.500000
2715.000000
59.000000
142.500000
115.500000
19.500000
1265.500000
265.000000
982.500000
19.000000
22.500000
603.500000
103.500000
1342.500000
793.000000
453.000000
20189.500000
140.000000
13888.500000
1774.000000
115.500000
3508.500000
120.500000
5362.000000
1423.500000
208.000000
206.500000
27667.500000
3959.500000
240.000000
56.000000
1876.500000
32.000000
30.500000
389.000000
137.500000
40831.500000
517.000000
1015.500000
9667.500000
18299.500000
1045.500000
126.500000
4632.500000
1350.000000
243.500000
4160.500000
240.500000
305.000000
252.000000
21645.500000
75.500000
19060.000000
483.500000
1418.500000
5.500000
6.000000
304.500000
5066.500000
292.000000
5240.000000
474.000000
16979.000000
78.500000
2535.000000
3486.000000
2658.500000
3512.000000
1005.500000
504.000000
4203.500000
32.000000
1146.500000
2283.500000
2052.000000
84.500000
1307.000000
129.500000
2937.500000
1628.500000
1979.000000
23.000000
35309.500000
265.000000
7332.000000
1643.000000
61448.000000
51731.500000
288.000000
1002.500000
5633.000000
6224.000000
14251.000000
15.000000
2396.500000
45576.000000
28.000000
380.000000
835.500000
502.000000
878.000000
1160.000000
214.000000
1471.000000
102.000000
222.000000
169.500000
4902.000000
21618.000000
63.000000
2301.000000
55.000000
3849.000000
955.000000
1614.000000
2174.500000
2376.500000
223.000000
502.000000
350.500000
7687.500000
27290.000000
158.500000
1449.000000
1390.500000
333.000000
295.000000
1912.000000
950.000000
25931.500000
21665.500000
14465.500000
1818.000000
19300.000000
1099.000000
6280.000000
48969.500000
1764.500000
1663.000000
607.500000
956.000000
659.500000
5096.000000
40032.500000
1207.500000
791.500000
40595.500000
37871.500000
1099.000000
709.000000
66.000000
831.500000
306.000000
9997.500000
424.000000
6952.500000
262.500000
5726.000000
462.000000
21032.500000
26276.500000
233.500000
779.500000
23650.500000
630.500000
11416.500000
379.000000
421.500000
337.500000
2379.500000
4196.500000
5460.500000
13698.000000
2077.000000
1783.000000
5469.500000
1401.000000
29992.000000
438.000000
322.000000
2552.500000
4614.500000
6060.500000
2174.000000
1993.000000
5607.500000
1493.500000
43.000000
694.500000
256.500000
23145.500000
1013.500000
1668.000000
303.500000
201.000000
34680.000000
456.000000
349.000000
3182.500000
937.000000
6936.500000
26304.500000
1549.000000
400.000000
318.500000
6638.000000
2387.500000
11048.000000
714.000000
1192.500000
26794.000000
23641.000000
271.500000
8453.500000
180.000000
3405.500000
829.000000
631.500000
32710.000000
2121.500000
9958.500000
19149.000000
660.000000
453.000000
3569.500000
6715.500000
4608.000000
5113.500000
1416.500000
1366.500000
1081.500000
721.000000
1077.500000
699.000000
235.000000
217.000000
1566.000000
1370.000000
563.000000
15592.500000
39233.500000
2371.500000
6301.000000
1637.500000
2557.500000
13120.500000
11559.000000
6467.000000
1170.000000
1345.500000
14595.500000
18698.500000
18996.500000
379.000000
20174.000000
8193.500000
170.500000
588.000000
1030.000000
58456.500000
1429.500000
853.000000
590.000000
8922.000000
32779.000000
6691.000000
417.000000
16819.500000
6345.000000
5929.500000
11733.500000
720.000000
1166.500000
11352.000000
89027.000000
3520.000000
398.500000
79812.500000
1564.000000
790.500000
38202.000000
26111.500000
3475.500000
2484.000000
17474.000000
1329.500000
445.000000
871.500000
18451.000000
755.500000
296.500000
54952.000000
2832.500000
2160.000000
562.000000
346.000000
2956.000000
33401.000000
639.000000
950.000000
8178.500000
29370.500000
5990.500000
19320.500000
1468.000000
1069.000000
753.000000
31079.500000
54848.500000
4900.000000
911.000000
642.000000
30784.000000
1568.500000
311.000000
2985.500000
1048.500000
5202.000000
19419.000000
572.000000
544.500000
122.500000
110.000000
1721.000000
3594.000000
21607.500000
399.500000
1061.500000
230.000000
2452.500000
4727.500000
62419.500000
615.500000
1493.500000
411.500000
319.500000
4968.500000
19371.500000
535.000000
1502.500000
2595.500000
13280.500000
3084.000000
378.000000
286.000000
781.000000
667.000000
906.500000
9116.000000
2618.000000
67953.500000
2926.500000
660.000000
349.000000
1997.500000
2030.000000
32570.000000
360.500000
2948.500000
2261.000000
1064.500000
6666.500000
1217.500000
13060.500000
12736.000000
2037.500000
2736.000000
631.500000
288.500000
176.000000
2011.500000
2990.000000
30627.000000
12848.000000
1093.000000
1158.000000
6317.500000
1576.500000
1539.500000
464.500000
22850.000000
1465.000000
35287.500000
576.000000
15403.500000
1618.500000
15647.500000
2261.500000
34532.500000
1692.000000
4002.500000
1002.500000
11546.500000
1659.500000
1416.500000
1327.000000
12248.000000
24520.500000
50389.500000
1547.000000
54031.000000
106.500000
3333.500000
14870.000000
102.000000
921.000000
291.000000
2768.000000
1566.000000
40448.500000
15382.000000
6870.000000
328.500000
2152.000000
323.000000
7339.500000
491.500000
18447.500000
717.500000
560.500000
14575.500000
961.500000
7821.000000
2360.000000
3314.000000
47374.500000
2684.500000
48064.000000
3158.000000
7001.500000
27147.000000
633.000000
35894.500000
24241.500000
20797.000000
13696.000000
22462.000000
1877.000000
18370.000000
8901.500000
11845.500000
20222.500000
1669.000000
24670.000000
24350.000000
15419.000000
4506.000000
4260.500000
6284.000000
15592.500000
4573.500000
4293.500000
6272.500000
15498.000000
4519.500000
4192.500000
6138.500000
15672.000000
4476.500000
4293.500000
6228.000000
15417.000000
4546.500000
4256.500000
6212.500000
15224.500000
4395.500000
4211.500000
6182.500000
15452.500000
4476.500000
4267.000000
6268.500000
15621.000000
4532.500000
4264.000000
6289.000000
15898.500000
6263.000000
3818.000000
6763.000000
9976.500000
253.000000
3049.000000
854.500000
3536.000000
1182.000000
1806.500000
7181.000000
8054.000000
1708.000000
26786.500000
23593.000000
34977.000000
929.000000
854.500000
43597.500000
41873.500000
7161.000000
21187.500000
7530.500000
893.000000
918.500000
753.000000
3867.000000
865.500000
17892.500000
909.000000
743.500000
3446.000000
71.500000
971.000000
3832.500000
2066.000000
2447.000000
362.000000
17727.000000
2051.000000
8277.500000
7566.000000
698.000000
192.000000
9844.000000
378.500000
4460.000000
3414.500000
54762.500000
22808.000000
53484.500000
4136.500000
2244.000000
2378.000000
50518.000000
709.000000
2792.000000
51635.500000
17390.500000
7231.500000
535.500000
27131.000000
18503.000000
1759.500000
8811.500000
32904.000000
13634.500000
3959.000000
2614.500000
15813.000000
12077.500000
33128.500000
16477.500000
749.500000
3378.500000
249.500000
36098.000000
1972.500000
1180.000000
1276.000000
2741.500000
359.500000
41720.500000
37930.500000
1706.500000
3811.000000
903.500000
768.500000
7531.000000
20608.500000
222.000000
4267.500000
865.500000
534.000000
1397.000000
1175.500000
1980.000000
600.500000
6529.500000
9881.500000
2891.500000
19059.500000
305.500000
20553.500000
17731.500000
34419.500000
48231.000000
4085.500000
13261.000000
1941.000000
8590.000000
1823.500000
614.000000
6582.500000
731.500000
546.000000
9878.000000
8503.000000
796.000000
11703.000000
41814.500000
23296.000000
1080.500000
48544.000000
71194.500000
874.000000
3498.000000
55874.500000
38354.500000
780.000000
13293.500000
772.500000
42361.500000
4788.500000
8386.000000
917.500000
711.000000
10869.000000
40513.500000
6655.000000
571.500000
4267.000000
3769.500000
2754.000000
357.000000
887.000000
8776.500000
12737.000000
651.000000
3034.000000
57214.500000
1587.500000
6623.000000
906.500000
427.500000
8693.000000
2145.000000
15625.500000
351.000000
4074.000000
6563.500000
20934.000000
780.500000
887.500000
399.500000
1140.000000
916.500000
362.500000
29147.000000
1411.000000
3167.500000
2485.000000
491.000000
26101.000000
2312.500000
498.000000
2460.000000
462.500000
8628.000000
33464.500000
2166.000000
885.500000
32825.000000
30248.500000
546.500000
32954.000000
2304.000000
77903.500000
498.000000
2460.000000
885.000000
56.000000
844.500000
1697.000000
6594.000000
261.500000
7737.500000
1855.000000
258.500000
13281.500000
6103.000000
4375.000000
401.000000
515.000000
11370.500000
12212.000000
1457.500000
413.500000
4882.500000
350.500000
527.500000
3780.500000
488.500000
8677.500000
1191.000000
236.000000
5362.500000
2025.000000
9662.500000
37120.500000
14438.500000
12107.500000
9760.000000
36150.000000
10957.500000
3164.500000
1395.500000
5820.000000
4495.000000
1907.500000
12581.500000
31428.500000
2078.500000
46226.000000
20511.000000
850.000000
3288.000000
7315.000000
7428.500000
7375.500000
6316.500000
4053.000000
7641.500000
51949.000000
43507.000000
6229.500000
3656.000000
87617.500000
3907.500000
1044.000000
5235.500000
1452.500000
1486.000000
2701.500000
2095.500000
2005.000000
559.500000
3367.000000
711.500000
13837.000000
3915.500000
4799.000000
538.500000
34998.000000
856.000000
2230.500000
10934.000000
12564.000000
6581.500000
11283.000000
10606.500000
6900.500000
13794.500000
18643.500000
39200.500000
20517.000000
11744.000000
634.000000
19645.000000
971.500000
2597.000000
5310.500000
38921.500000
20997.500000
429.500000
6568.000000
25611.000000
92031.500000
1805.000000
1624.500000
512.000000
30384.000000
20484.500000
380.500000
34893.000000
892.000000
709.000000
56382.000000
223.000000
10278.000000
2382.500000
25809.000000
17220.000000
8173.000000
2217.500000
21283.000000
1407.500000
12580.000000
10741.000000
21625.000000
4220.000000
4204.000000
4287.500000
3202.000000
3361.500000
7869.500000
1479.500000
39271.500000
1554.500000
14702.000000
3353.000000
1983.000000
1098.500000
39599.000000
4227.500000
3596.000000
3952.500000
54970.000000
84148.000000
55525.500000
1704.500000
87149.500000
1273.500000
22019.500000
31604.500000
8932.500000
22808.000000
1140.500000
8932.500000
22808.000000
1141.000000
13751.500000
11390.500000
28472.500000
21329.500000
15729.000000
9200.500000
46101.000000
54148.000000
2535.000000
38959.500000
14991.000000
49905.500000
14674.000000
11085.500000
13601.500000
9861.000000
12224.500000
4293.000000
14897.500000
14692.500000
15020.500000
64216.000000
54151.000000
10479.500000
10567.000000
10066.500000
7023.500000
14455.000000
11650.000000
57650.000000
18770.500000
9830.000000
27435.500000
14832.000000
2089.000000
14621.500000
2023.500000
94792.500000
59501.000000
6367.500000
6806.000000
2537.500000
13032.000000
10283.000000
60592.000000
53765.000000
19645.000000
24579.000000
1119.000000
3356.000000
42497.500000
1045.000000
4508.500000
6135.500000
1165.000000
2565.000000
1401.500000
1395.000000
63324.500000
28661.000000
3158.000000
8868.500000
31076.500000
2586.000000
25734.000000
41429.500000
29195.500000
50469.000000
52094.500000
53187.000000
21353.000000
2006.500000
8374.000000
26090.500000
45441.500000
68528.000000
47694.500000
58716.000000
21061.000000
4132.000000
3105.000000
818.500000
21469.000000
3490.000000
22725.500000
28232.000000
2131.500000
24530.500000
42674.500000
42789.500000
23370.500000
64863.000000
33333.500000
3528.000000
24981.000000
1917.500000
33152.000000
3487.000000
24886.000000
1868.500000
70594.500000
8318.000000
3417.500000
7630.500000
16583.000000
1227.500000
8332.500000
58877.500000
58178.000000
2672.500000
55275.000000
2735.000000
2531.500000
1607.000000
2735.000000
8385.500000
6098.000000
4365.000000
6743.000000
2735.000000
3367.500000
942.500000
2735.000000
2735.000000
17771.000000
4771.500000
4654.500000
4805.500000
41608.500000
4929.000000
57209.000000
4748.000000
30635.500000
25229.000000
38550.000000
39310.000000
38361.500000
35684.000000
40521.000000
24438.000000
57774.500000
25205.500000
15774.500000
12954.500000
29335.500000
10208.000000
14367.500000
68489.000000
7057.500000
7149.000000
4043.500000
7034.500000
5749.500000
8684.500000
7245.500000
58730.000000
27275.000000
27237.000000
55675.000000
2244.000000
2290.500000
2371.500000
2325.000000
2357.000000
2277.500000
2316.000000
2357.000000
2347.500000
2314.000000
2315.500000
2344.500000
92030.000000
30693.500000
30168.000000
11582.000000
11537.000000
11619.500000
32926.500000
